Epoch	Time(sec)	Loss_train	MAE_train	RMSE_train	R2_train	loss_val	MAE_val	MAE_test	RMSE_val	RMSE_test	R2_val	R2_test	Lr
1	535.2159	19.2011	3.366	4.3819	0.249	16.1428	3.0189	2.9823	4.0178	3.9862	0.376	0.3756	0.001
2	1099.8866	14.483	2.8915	3.8057	0.4335	14.5388	2.8233	2.802	3.813	3.7724	0.438	0.4408	0.001
3	1640.6195	12.9878	2.7324	3.6039	0.492	14.143	2.7987	2.8039	3.7607	3.7281	0.4533	0.4538	0.001
4	1970.8413	12.1278	2.6244	3.4825	0.5256	13.9277	2.7382	2.7347	3.732	3.6775	0.4616	0.4686	0.001
5	2260.5278	11.6189	2.5711	3.4087	0.5455	13.8639	2.741	2.7505	3.7234	3.6874	0.4641	0.4657	0.001
6	2546.5734	11.1435	2.5033	3.3382	0.5641	13.56	2.7465	2.7469	3.6824	3.6604	0.4758	0.4735	0.001
7	2836.4544	11.0298	2.4835	3.3211	0.5686	13.3727	2.6703	2.6806	3.6569	3.6362	0.4831	0.4804	0.001
8	3125.643	10.948	2.4764	3.3088	0.5718	13.4988	2.703	2.7121	3.6741	3.6785	0.4782	0.4683	0.001
9	3415.8047	10.8364	2.4621	3.2919	0.5761	13.9503	2.7692	2.7777	3.735	3.712	0.4608	0.4585	0.001
10	3726.842	10.649	2.4403	3.2633	0.5835	13.8153	2.7676	2.7599	3.7169	3.6923	0.466	0.4642	0.001
11	4014.963	10.6861	2.4459	3.269	0.582	13.5241	2.6863	2.6974	3.6775	3.6472	0.4772	0.4773	0.001
12	4302.3549	10.7385	2.4503	3.277	0.58	13.4501	2.6698	2.6725	3.6674	3.6457	0.4801	0.4777	0.001
13	4590.2435	10.6162	2.4259	3.2583	0.5848	13.3183	2.6716	2.6926	3.6494	3.6517	0.4852	0.476	0.0009000000000000001
14	4907.1785	10.2423	2.384	3.2004	0.5994	13.5594	2.6589	2.6799	3.6823	3.6755	0.4759	0.4691	0.0009000000000000001
15	5228.2473	10.2245	2.3764	3.1976	0.6001	13.9131	2.7689	2.7313	3.73	3.6761	0.4622	0.4689	0.0009000000000000001
16	5519.1665	10.3216	2.3866	3.2127	0.5963	13.436	2.613	2.6208	3.6655	3.6043	0.4806	0.4895	0.0008100000000000001
17	5808.0399	10.0069	2.3447	3.1634	0.6086	13.2185	2.6193	2.6477	3.6357	3.6614	0.489	0.4732	0.0008100000000000001
18	6161.9844	10.0254	2.3411	3.1663	0.6079	12.8875	2.6144	2.6322	3.5899	3.5841	0.5018	0.4952	0.0008100000000000001
19	6474.3329	10.0776	2.3425	3.1745	0.6058	12.8115	2.5983	2.6159	3.5793	3.5891	0.5048	0.4938	0.000729
20	6763.0131	9.7953	2.3123	3.1297	0.6169	12.7808	2.6168	2.6208	3.575	3.5625	0.506	0.5013	0.000729
21	7070.0784	9.724	2.2985	3.1183	0.6197	13.0235	2.6046	2.6457	3.6088	3.6439	0.4966	0.4782	0.000729
22	7419.1519	9.7488	2.3041	3.1223	0.6187	13.283	2.6043	2.6318	3.6446	3.6339	0.4866	0.4811	0.000729
23	7714.5823	9.6846	2.2944	3.112	0.6212	12.9343	2.5824	2.5961	3.5964	3.5539	0.5	0.5037	0.0006561000000000001
24	8002.3304	9.6112	2.2818	3.1002	0.6241	12.9703	2.5879	2.5998	3.6014	3.5895	0.4986	0.4937	0.0006561000000000001
25	8290.272	9.3701	2.2557	3.0611	0.6335	12.5142	2.5582	2.5731	3.5375	3.5526	0.5163	0.504	0.0006561000000000001
26	8622.1983	9.3365	2.2432	3.0556	0.6348	12.5994	2.5476	2.5746	3.5496	3.579	0.513	0.4966	0.00059049
27	8959.7523	9.1969	2.2292	3.0326	0.6403	12.8558	2.5776	2.5778	3.5855	3.5625	0.5031	0.5013	0.00059049
28	9249.0013	9.0757	2.2106	3.0126	0.645	12.8001	2.5696	2.5846	3.5777	3.5746	0.5052	0.4979	0.00059049
29	9550.1102	9.1533	2.2153	3.0254	0.642	12.7138	2.5434	2.5644	3.5656	3.5612	0.5086	0.5016	0.000531441
30	9853.9622	9.0946	2.2019	3.0157	0.6443	12.4094	2.5358	2.5677	3.5227	3.5376	0.5203	0.5082	0.000531441
31	10141.5962	8.8539	2.1817	2.9756	0.6537	12.6517	2.5407	2.5565	3.5569	3.5648	0.511	0.5006	0.000531441
32	10434.37	8.918	2.1814	2.9863	0.6512	12.4915	2.5236	2.5649	3.5343	3.536	0.5171	0.5087	0.000531441
33	10733.368	8.9117	2.1819	2.9852	0.6514	12.3167	2.5001	2.5571	3.5095	3.567	0.5239	0.5	0.0004782969
34	11035.2757	8.768	2.1609	2.9611	0.657	12.7737	2.5246	2.5516	3.574	3.5621	0.5062	0.5014	0.0004782969
35	11324.7093	8.6922	2.1448	2.9483	0.66	12.485	2.5083	2.5242	3.5334	3.5519	0.5174	0.5042	0.0004782969
36	11613.5725	8.6641	2.1465	2.9435	0.6611	12.2312	2.5211	2.5309	3.4973	3.4914	0.5272	0.521	0.00043046721
37	11904.0995	8.5039	2.1202	2.9161	0.6674	12.3714	2.5238	2.5177	3.5173	3.5058	0.5218	0.517	0.00043046721
38	12192.936	8.5628	2.122	2.9262	0.6651	12.3615	2.5092	2.5179	3.5159	3.5301	0.5222	0.5103	0.00043046721
39	12481.0857	8.4797	2.112	2.912	0.6683	12.186	2.4867	2.5236	3.4908	3.5172	0.529	0.5139	0.000387420489
40	12768.6764	8.3731	2.0978	2.8936	0.6725	12.2047	2.4849	2.5106	3.4935	3.4928	0.5282	0.5206	0.000387420489
41	13056.9366	8.3058	2.0886	2.882	0.6751	12.5523	2.5223	2.5499	3.5429	3.5268	0.5148	0.5112	0.000387420489
42	13343.754	8.306	2.0963	2.882	0.6751	12.0774	2.4918	2.5384	3.4753	3.4952	0.5332	0.5199	0.000387420489
43	13631.0823	8.2751	2.0839	2.8766	0.6763	12.2896	2.5009	2.5065	3.5056	3.505	0.525	0.5172	0.0003486784401
44	13928.3781	8.2331	2.0743	2.8693	0.678	12.0806	2.4609	2.4858	3.4757	3.4814	0.533	0.5237	0.0003486784401
45	14215.4775	8.1112	2.065	2.848	0.6827	12.3559	2.483	2.5212	3.5151	3.5457	0.5224	0.506	0.0003486784401
46	14505.562	8.0878	2.0599	2.8439	0.6837	12.3122	2.4864	2.5229	3.5089	3.5545	0.5241	0.5035	0.00031381059609000004
47	14792.8384	8.011	2.0424	2.8304	0.6867	12.0295	2.4655	2.4908	3.4684	3.501	0.535	0.5183	0.00031381059609000004
48	15079.8183	7.9331	2.0319	2.8166	0.6897	12.2516	2.4855	2.5188	3.5002	3.5446	0.5264	0.5063	0.00031381059609000004
49	15366.7758	7.8997	2.0307	2.8106	0.691	12.5494	2.519	2.5243	3.5425	3.5315	0.5149	0.5099	0.00028242953648100003
50	15774.6227	7.8515	2.0181	2.8021	0.6929	12.3847	2.4772	2.4843	3.5192	3.5169	0.5213	0.514	0.00028242953648100003
51	16209.3191	7.8035	2.0093	2.7935	0.6948	11.7857	2.444	2.4786	3.433	3.4552	0.5444	0.5309	0.00028242953648100003
52	16640.418	7.7688	2.0081	2.7873	0.6961	12.0265	2.4529	2.4574	3.4679	3.4532	0.5351	0.5314	0.00028242953648100003
53	17071.7638	7.7445	1.9962	2.7829	0.6971	12.1662	2.4452	2.4853	3.488	3.5036	0.5297	0.5176	0.00025418658283290005
54	17493.9349	7.6343	1.9883	2.763	0.7014	12.5809	2.5008	2.4954	3.547	3.5165	0.5137	0.5141	0.00025418658283290005
55	17876.4131	7.6144	1.983	2.7594	0.7022	12.0029	2.4714	2.4938	3.4645	3.4789	0.536	0.5244	0.00025418658283290005
56	18300.4913	7.6297	1.9747	2.7622	0.7016	12.1843	2.4799	2.4774	3.4906	3.4585	0.529	0.53	0.00022876792454961005
57	18717.2371	7.5087	1.965	2.7402	0.7063	12.4365	2.4704	2.4524	3.5265	3.4503	0.5193	0.5322	0.00022876792454961005
58	19158.3663	7.3758	1.9476	2.7158	0.7115	11.8413	2.4391	2.4697	3.4411	3.454	0.5423	0.5312	0.00022876792454961005
59	19577.1124	7.4451	1.9593	2.7286	0.7088	12.1196	2.4612	2.4799	3.4813	3.4977	0.5315	0.5193	0.00020589113209464906
60	19985.3673	7.4157	1.9462	2.7232	0.7099	12.1998	2.4513	2.4775	3.4928	3.4847	0.5284	0.5228	0.00020589113209464906
61	20367.1382	7.3576	1.9392	2.7125	0.7122	11.7322	2.4333	2.4689	3.4252	3.4448	0.5465	0.5337	0.00020589113209464906
62	20789.9987	7.3101	1.935	2.7037	0.7141	11.9435	2.4188	2.4527	3.4559	3.4504	0.5383	0.5322	0.00020589113209464906
63	21183.9731	7.2637	1.9256	2.6951	0.7159	12.1924	2.4758	2.4739	3.4918	3.4426	0.5287	0.5343	0.00018530201888518417
64	21570.5516	7.2138	1.9169	2.6858	0.7178	12.2535	2.4662	2.4554	3.5005	3.4716	0.5263	0.5264	0.00018530201888518417
65	21949.6987	7.1679	1.9053	2.6773	0.7196	12.243	2.4655	2.4694	3.499	3.5009	0.5268	0.5184	0.00018530201888518417
66	22301.0828	7.1896	1.9145	2.6813	0.7188	12.0421	2.4465	2.4712	3.4702	3.4828	0.5345	0.5233	0.00016677181699666576
67	22692.0857	7.1268	1.8995	2.6696	0.7212	12.3954	2.4605	2.4748	3.5207	3.5016	0.5209	0.5182	0.00016677181699666576
68	23082.3511	7.067	1.8941	2.6584	0.7236	12.1202	2.4552	2.4621	3.4814	3.4474	0.5315	0.533	0.00016677181699666576
69	23466.1885	7.0785	1.8927	2.6605	0.7231	12.1458	2.4565	2.4956	3.4851	3.4997	0.5305	0.5187	0.0001500946352969992
70	23849.5407	6.8412	1.8595	2.6156	0.7324	12.3138	2.4689	2.4739	3.5091	3.4798	0.524	0.5242	0.0001500946352969992
71	24220.358	6.8581	1.8593	2.6188	0.7317	12.4087	2.4616	2.4614	3.5226	3.4857	0.5203	0.5225	0.0001500946352969992
72	24592.1965	6.9085	1.8648	2.6284	0.7298	12.4078	2.4699	2.4673	3.5225	3.5053	0.5204	0.5171	0.0001500946352969992
73	24971.7382	6.902	1.8683	2.6272	0.73	12.3878	2.4716	2.4571	3.5196	3.4722	0.5212	0.5262	0.0001350851717672993
74	25347.1187	6.7752	1.8485	2.6029	0.735	12.4069	2.4572	2.4622	3.5223	3.4996	0.5204	0.5187	0.0001350851717672993
75	25728.0975	6.7963	1.849	2.607	0.7342	12.1285	2.4345	2.4568	3.4826	3.4739	0.5312	0.5258	0.0001350851717672993
76	26116.3393	6.7711	1.8451	2.6021	0.7352	12.1414	2.454	2.4639	3.4844	3.4803	0.5307	0.524	0.00012157665459056936
77	26476.1753	6.7115	1.8322	2.5907	0.7375	12.2329	2.4545	2.4708	3.4976	3.4822	0.5271	0.5235	0.00012157665459056936
78	26863.1484	6.6674	1.8233	2.5821	0.7392	12.2864	2.46	2.4692	3.5052	3.4998	0.5251	0.5187	0.00012157665459056936
79	27246.0324	6.6661	1.825	2.5819	0.7393	12.2331	2.448	2.4783	3.4976	3.5137	0.5271	0.5148	0.00010941898913151243
80	27626.6743	6.4436	1.792	2.5384	0.748	12.8514	2.4971	2.5061	3.5849	3.5608	0.5032	0.5018	0.00010941898913151243
81	28010.621	6.4729	1.7939	2.5442	0.7468	12.6444	2.4897	2.5053	3.5559	3.5514	0.5112	0.5044	0.00010941898913151243
82	28371.636	6.5604	1.8035	2.5613	0.7434	12.3505	2.4588	2.4719	3.5143	3.5296	0.5226	0.5104	0.00010941898913151243
83	28748.8773	6.5151	1.7984	2.5525	0.7452	12.4031	2.4547	2.49	3.5218	3.5282	0.5206	0.5108	9.847709021836118e-05
84	29138.0245	6.4288	1.787	2.5355	0.7485	12.4003	2.468	2.4701	3.5214	3.5116	0.5207	0.5154	9.847709021836118e-05
85	29526.4239	6.448	1.7905	2.5393	0.7478	12.356	2.4534	2.4864	3.5151	3.5447	0.5224	0.5063	9.847709021836118e-05
86	29914.3534	6.4023	1.7804	2.5303	0.7496	12.7343	2.4925	2.5088	3.5685	3.5625	0.5078	0.5013	8.862938119652506e-05
87	30288.943	6.3252	1.773	2.515	0.7526	12.2329	2.4459	2.4717	3.4976	3.5155	0.5271	0.5143	8.862938119652506e-05
88	30656.7947	6.3104	1.7686	2.512	0.7532	12.4431	2.4595	2.472	3.5275	3.5161	0.519	0.5142	8.862938119652506e-05
89	31040.4569	6.2546	1.7599	2.5009	0.7554	12.3752	2.4547	2.4682	3.5178	3.5209	0.5216	0.5128	7.976644307687256e-05
90	31418.3352	6.1959	1.7518	2.4892	0.7577	12.4306	2.4585	2.4751	3.5257	3.5364	0.5195	0.5085	7.976644307687256e-05
91	31801.4916	6.2239	1.7567	2.4948	0.7566	12.2481	2.4325	2.4649	3.4997	3.5436	0.5266	0.5065	7.976644307687256e-05
92	32189.0166	6.1827	1.7481	2.4865	0.7582	12.3354	2.4335	2.4563	3.5122	3.5129	0.5232	0.5151	7.976644307687256e-05
93	32548.5209	6.1527	1.7461	2.4805	0.7593	12.2739	2.4368	2.4712	3.5034	3.5301	0.5256	0.5103	7.17897987691853e-05
94	32936.8216	6.1421	1.737	2.4783	0.7598	12.3009	2.4303	2.4635	3.5073	3.5358	0.5245	0.5087	7.17897987691853e-05
95	33324.1952	6.0977	1.7381	2.4694	0.7615	12.4538	2.4453	2.4613	3.529	3.5221	0.5186	0.5125	7.17897987691853e-05
96	33711.2203	6.1034	1.7352	2.4705	0.7613	12.2727	2.4194	2.4524	3.5032	3.5252	0.5256	0.5117	6.461081889226677e-05
97	34095.0279	6.0093	1.7202	2.4514	0.765	12.2255	2.4378	2.4469	3.4965	3.4905	0.5274	0.5212	6.461081889226677e-05
98	34452.814	5.9844	1.713	2.4463	0.7659	12.3574	2.4313	2.4568	3.5153	3.5268	0.5223	0.5112	6.461081889226677e-05
99	34825.6831	6.0031	1.7155	2.4501	0.7652	12.2503	2.4253	2.45	3.5	3.4912	0.5265	0.521	5.81497370030401e-05
100	35210.307	5.9851	1.71	2.4464	0.7659	12.3722	2.4382	2.4343	3.5174	3.4859	0.5218	0.5225	5.81497370030401e-05
101	35596.3558	5.906	1.7004	2.4302	0.769	12.1349	2.4102	2.4335	3.4835	3.4899	0.5309	0.5214	5.81497370030401e-05
102	35978.1726	5.9055	1.6988	2.4301	0.769	12.1762	2.4077	2.4529	3.4894	3.5156	0.5293	0.5143	5.81497370030401e-05
103	36352.5323	5.9124	1.7023	2.4315	0.7687	12.0502	2.4086	2.4437	3.4713	3.4897	0.5342	0.5215	5.233476330273609e-05
104	36720.1557	5.9027	1.6943	2.4295	0.7691	12.1954	2.419	2.4477	3.4922	3.505	0.5286	0.5172	5.233476330273609e-05
105	37104.0903	5.8182	1.6896	2.4121	0.7724	12.2695	2.4242	2.4435	3.5028	3.504	0.5257	0.5175	5.233476330273609e-05
106	37496.2244	5.9093	1.6969	2.4309	0.7689	12.1053	2.4094	2.4453	3.4793	3.4966	0.5321	0.5195	4.7101286972462485e-05
107	37874.323	5.7771	1.6772	2.4036	0.774	12.2315	2.4192	2.4523	3.4974	3.5175	0.5272	0.5138	4.7101286972462485e-05
108	38261.1511	5.798	1.6818	2.4079	0.7732	11.9979	2.4024	2.4189	3.4638	3.4697	0.5362	0.5269	4.7101286972462485e-05
109	38616.9121	5.7301	1.6706	2.3938	0.7759	12.1097	2.4126	2.4329	3.4799	3.4897	0.5319	0.5215	4.239115827521624e-05
110	39007.3336	5.6483	1.6607	2.3766	0.7791	12.3078	2.4303	2.4511	3.5082	3.5164	0.5242	0.5141	4.239115827521624e-05
111	39387.1848	5.6743	1.6616	2.3821	0.7781	12.3007	2.4361	2.4395	3.5072	3.4975	0.5245	0.5193	4.239115827521624e-05
112	39770.7961	5.6937	1.6672	2.3861	0.7773	12.3455	2.4377	2.4511	3.5136	3.5138	0.5228	0.5148	4.239115827521624e-05
113	40147.6765	5.7473	1.6731	2.3973	0.7752	12.1232	2.4167	2.4377	3.4818	3.4982	0.5314	0.5191	3.8152042447694614e-05
114	40511.9591	5.6503	1.6586	2.377	0.779	12.0973	2.4079	2.4364	3.4781	3.5071	0.5324	0.5167	3.8152042447694614e-05
115	40887.1955	5.6732	1.6578	2.3819	0.7781	12.3646	2.4327	2.448	3.5163	3.5185	0.5221	0.5135	3.8152042447694614e-05
116	41274.2887	5.5869	1.6476	2.3637	0.7815	12.2613	2.4338	2.4661	3.5016	3.5287	0.526	0.5107	3.433683820292515e-05
117	41657.9134	5.6249	1.6524	2.3717	0.78	12.2143	2.4212	2.4429	3.4949	3.5091	0.5279	0.5161	3.433683820292515e-05
118	42040.182	5.5512	1.6404	2.3561	0.7829	12.339	2.4322	2.456	3.5127	3.5244	0.523	0.5119	3.433683820292515e-05
119	42419.1583	5.5191	1.6411	2.3493	0.7841	12.3371	2.4335	2.4586	3.5124	3.5464	0.5231	0.5058	3.090315438263264e-05
120	42776.6896	5.5165	1.6408	2.3487	0.7842	12.256	2.4188	2.4359	3.5009	3.5061	0.5262	0.5169	3.090315438263264e-05
121	43158.4757	5.4691	1.628	2.3386	0.7861	12.215	2.4208	2.4398	3.495	3.5143	0.5278	0.5147	3.090315438263264e-05
122	43544.9084	5.5327	1.6363	2.3522	0.7836	12.233	2.4158	2.4416	3.4976	3.5121	0.5271	0.5153	3.090315438263264e-05
123	43930.9662	5.5294	1.6318	2.3515	0.7837	12.3256	2.4263	2.4219	3.5108	3.4948	0.5236	0.52	2.7812838944369376e-05
124	44317.4947	5.5369	1.6369	2.3531	0.7834	12.059	2.4023	2.4249	3.4726	3.492	0.5339	0.5208	2.7812838944369376e-05
125	44674.0638	5.5333	1.6336	2.3523	0.7836	12.1126	2.4065	2.4401	3.4803	3.5036	0.5318	0.5176	2.7812838944369376e-05
126	45052.6239	5.4626	1.6264	2.3372	0.7863	12.198	2.4201	2.4515	3.4926	3.5199	0.5285	0.5131	2.503155504993244e-05
127	45435.6511	5.4489	1.6284	2.3343	0.7869	12.0897	2.409	2.4264	3.477	3.4887	0.5327	0.5217	2.503155504993244e-05
128	45821.5443	5.3489	1.6103	2.3128	0.7908	12.2012	2.4083	2.4324	3.493	3.4977	0.5284	0.5192	2.503155504993244e-05
129	46204.6908	5.3932	1.6165	2.3223	0.7891	12.4865	2.4259	2.4401	3.5336	3.5229	0.5173	0.5123	2.2528399544939195e-05
130	46572.0749	5.4139	1.6181	2.3268	0.7882	12.2804	2.42	2.4468	3.5043	3.5237	0.5253	0.5121	2.2528399544939195e-05
131	46949.2741	5.4031	1.618	2.3245	0.7887	12.224	2.4127	2.4348	3.4963	3.5087	0.5275	0.5162	2.2528399544939195e-05
132	47330.0744	5.3986	1.6149	2.3235	0.7888	12.3187	2.4178	2.4386	3.5098	3.5195	0.5238	0.5132	2.2528399544939195e-05
133	47710.7075	5.359	1.6062	2.315	0.7904	12.3351	2.422	2.4356	3.5121	3.5147	0.5232	0.5146	2.0275559590445276e-05
134	48092.8292	5.3966	1.6158	2.3231	0.7889	12.2755	2.4121	2.4366	3.5036	3.5169	0.5255	0.514	2.0275559590445276e-05
135	48471.8543	5.3527	1.6081	2.3136	0.7906	12.22	2.4054	2.4362	3.4957	3.5174	0.5276	0.5138	2.0275559590445276e-05
136	48827.1499	5.3385	1.6045	2.3105	0.7912	12.1366	2.3976	2.4249	3.4838	3.4966	0.5309	0.5196	1.8248003631400748e-05
137	49208.2003	5.2862	1.5966	2.2992	0.7932	12.3403	2.4216	2.4323	3.5129	3.5067	0.523	0.5168	1.8248003631400748e-05
138	49591.8955	5.3244	1.6022	2.3075	0.7917	12.4278	2.4238	2.4267	3.5253	3.5103	0.5196	0.5158	1.8248003631400748e-05
139	49976.1104	5.29	1.5984	2.3	0.7931	12.3049	2.4209	2.4228	3.5078	3.5029	0.5244	0.5178	1.6423203268260675e-05
140	50362.1016	5.2512	1.5944	2.2915	0.7946	12.3732	2.4177	2.4322	3.5176	3.5273	0.5217	0.5111	1.6423203268260675e-05
141	50728.8234	5.3599	1.6077	2.3152	0.7904	12.2445	2.4079	2.4327	3.4992	3.5143	0.5267	0.5147	1.6423203268260675e-05
142	51108.543	5.2552	1.5886	2.2924	0.7944	12.4774	2.4267	2.4415	3.5323	3.5293	0.5177	0.5105	1.6423203268260675e-05
143	51497.6132	5.2935	1.5989	2.3007	0.793	12.3157	2.4085	2.4277	3.5094	3.5174	0.5239	0.5138	1.4780882941434607e-05
144	51878.1007	5.2386	1.5909	2.2888	0.7951	12.4638	2.4244	2.4318	3.5304	3.5239	0.5182	0.512	1.4780882941434607e-05
145	52261.111	5.2525	1.6	2.2918	0.7946	12.3994	2.4193	2.4248	3.5213	3.5142	0.5207	0.5147	1.4780882941434607e-05
146	52696.0324	5.2844	1.6015	2.2988	0.7933	12.4402	2.4222	2.4236	3.5271	3.5132	0.5191	0.515	1.3302794647291146e-05
147	53146.7383	5.2567	1.597	2.2928	0.7944	12.4149	2.4211	2.4263	3.5235	3.5159	0.5201	0.5142	1.3302794647291146e-05
148	53682.0547	5.2209	1.5871	2.2849	0.7958	12.4659	2.4193	2.4335	3.5307	3.5263	0.5181	0.5113	1.3302794647291146e-05
149	54098.9173	5.2382	1.59	2.2887	0.7951	12.475	2.4196	2.4183	3.532	3.5126	0.5178	0.5151	1.1972515182562031e-05
150	54430.5866	5.2186	1.5891	2.2844	0.7959	12.4465	2.4181	2.4291	3.528	3.5199	0.5189	0.5131	1.1972515182562031e-05
151	54734.5292	5.2873	1.6015	2.2994	0.7932	12.4806	2.4148	2.4275	3.5328	3.5199	0.5176	0.5131	1.1972515182562031e-05
152	55070.1	5.2216	1.5908	2.2851	0.7958	12.5074	2.4179	2.4291	3.5366	3.5183	0.5165	0.5136	1.1972515182562031e-05
153	55455.5266	5.2371	1.5908	2.2885	0.7952	12.5053	2.4197	2.4218	3.5363	3.5172	0.5166	0.5139	1.0775263664305828e-05
154	55837.482	5.2005	1.5863	2.2805	0.7966	12.3799	2.41	2.4239	3.5185	3.5112	0.5215	0.5155	1.0775263664305828e-05
155	56336.429	5.1988	1.5873	2.2801	0.7967	12.56	2.4164	2.428	3.544	3.5189	0.5145	0.5134	1.0775263664305828e-05
156	56798.4703	5.1881	1.5827	2.2777	0.7971	12.5562	2.4218	2.4305	3.5435	3.5235	0.5146	0.5121	9.697737297875246e-06
157	57362.0947	5.1392	1.5813	2.267	0.799	12.5025	2.4171	2.4197	3.5359	3.5149	0.5167	0.5145	9.697737297875246e-06
158	57909.471	5.1754	1.5788	2.275	0.7976	12.351	2.41	2.4171	3.5144	3.506	0.5226	0.5169	9.697737297875246e-06
159	58445.8649	5.1526	1.5798	2.2699	0.7985	12.4544	2.4157	2.4247	3.5291	3.5157	0.5186	0.5143	8.727963568087722e-06
160	58898.6689	5.2016	1.5821	2.2807	0.7965	12.4158	2.4115	2.4211	3.5236	3.5123	0.5201	0.5152	8.727963568087722e-06
161	59378.5124	5.1535	1.5833	2.2701	0.7984	12.4689	2.4187	2.4239	3.5311	3.5163	0.518	0.5141	8.727963568087722e-06
162	59923.5519	5.1446	1.5794	2.2682	0.7988	12.4171	2.4102	2.4172	3.5238	3.5117	0.52	0.5154	8.727963568087722e-06
163	60431.5034	5.0951	1.5709	2.2572	0.8007	12.4488	2.4123	2.4193	3.5283	3.5131	0.5188	0.515	7.85516721127895e-06
164	60988.3484	5.1807	1.5842	2.2761	0.7974	12.4453	2.4113	2.4163	3.5278	3.5111	0.5189	0.5156	7.85516721127895e-06
165	61487.9801	5.1238	1.573	2.2636	0.7996	12.4506	2.4099	2.4173	3.5285	3.5085	0.5187	0.5163	7.85516721127895e-06
166	62656.5479	5.1575	1.5804	2.271	0.7983	12.5062	2.4117	2.4208	3.5364	3.5154	0.5166	0.5144	7.069650490151056e-06
167	63195.6366	5.1275	1.5779	2.2644	0.7994	12.5323	2.4093	2.4137	3.5401	3.5104	0.5156	0.5158	7.069650490151056e-06
168	63765.3361	5.1666	1.5797	2.273	0.7979	12.5169	2.4144	2.4124	3.5379	3.509	0.5162	0.5161	7.069650490151056e-06
169	64323.0124	5.0918	1.5682	2.2565	0.8008	12.3287	2.4009	2.4076	3.5112	3.4947	0.5234	0.5201	6.362685441135951e-06
170	64864.1445	5.0908	1.57	2.2563	0.8009	12.4084	2.4068	2.4107	3.5226	3.5041	0.5204	0.5175	6.362685441135951e-06
171	65399.8301	5.1067	1.5747	2.2598	0.8003	12.5233	2.411	2.4218	3.5388	3.5185	0.5159	0.5135	6.362685441135951e-06
172	65777.7869	5.1344	1.5792	2.2659	0.7992	12.4096	2.4039	2.4055	3.5227	3.4958	0.5203	0.5198	6.362685441135951e-06
173	66171.5526	5.0872	1.5741	2.2555	0.801	12.434	2.4084	2.4142	3.5262	3.5063	0.5194	0.5169	5.7264168970223554e-06
174	66571.5844	5.1628	1.5805	2.2722	0.7981	12.4257	2.404	2.4131	3.525	3.5031	0.5197	0.5178	5.7264168970223554e-06
175	66973.0806	5.1165	1.5768	2.262	0.7999	12.3676	2.3974	2.4102	3.5168	3.4999	0.5219	0.5186	5.7264168970223554e-06
176	67371.6378	5.1456	1.5805	2.2684	0.7987	12.4202	2.4049	2.4151	3.5242	3.5063	0.5199	0.5169	5.15377520732012e-06
177	67764.9112	5.1227	1.5742	2.2633	0.7996	12.3675	2.3985	2.41	3.5167	3.4952	0.5219	0.5199	5.15377520732012e-06
178	68162.4608	5.1315	1.5753	2.2653	0.7993	12.36	2.3961	2.4106	3.5157	3.497	0.5222	0.5194	5.15377520732012e-06
179	68510.8784	5.0303	1.564	2.2428	0.8032	12.3412	2.3944	2.4065	3.513	3.4967	0.523	0.5195	4.638397686588108e-06
180	68907.4518	5.1038	1.5733	2.2592	0.8004	12.3076	2.3889	2.4083	3.5082	3.4953	0.5243	0.5199	4.638397686588108e-06
181	69320.2361	5.058	1.5712	2.249	0.8022	12.3013	2.392	2.4069	3.5073	3.4919	0.5245	0.5209	4.638397686588108e-06
182	69723.2321	5.1076	1.5745	2.26	0.8002	12.2747	2.3885	2.4036	3.5035	3.4892	0.5255	0.5216	4.638397686588108e-06
183	70120.3861	5.1001	1.5747	2.2583	0.8005	12.2638	2.3881	2.4024	3.502	3.4886	0.5259	0.5217	4.174557917929298e-06
184	70556.7584	5.0614	1.5694	2.2498	0.802	12.2563	2.3856	2.4	3.5009	3.4839	0.5262	0.523	4.174557917929298e-06
185	70999.5354	5.0146	1.5654	2.2393	0.8039	12.2956	2.3903	2.4015	3.5065	3.4902	0.5247	0.5213	4.174557917929298e-06
186	71509.0263	5.1605	1.5842	2.2717	0.7981	12.2859	2.3906	2.4019	3.5051	3.488	0.5251	0.5219	3.7571021261363684e-06
187	72043.4946	5.0975	1.573	2.2578	0.8006	12.2408	2.3813	2.3962	3.4987	3.4842	0.5268	0.5229	3.7571021261363684e-06
188	72575.0609	5.0548	1.5677	2.2483	0.8023	12.1804	2.3814	2.3973	3.49	3.4789	0.5292	0.5244	3.7571021261363684e-06
189	73181.829	5.1223	1.58	2.2633	0.7996	12.2377	2.3839	2.3954	3.4982	3.4797	0.527	0.5242	3.3813919135227317e-06
190	73740.1198	5.0294	1.5616	2.2426	0.8033	12.1975	2.3786	2.3951	3.4925	3.4748	0.5285	0.5255	3.3813919135227317e-06
191	74350.625	5.0655	1.5689	2.2507	0.8019	12.2145	2.3805	2.3958	3.4949	3.477	0.5279	0.5249	3.3813919135227317e-06
192	74987.8816	5.1175	1.5773	2.2622	0.7998	12.2456	2.3826	2.3965	3.4994	3.4787	0.5267	0.5245	3.3813919135227317e-06
193	75650.4175	5.0566	1.5662	2.2487	0.8022	12.2347	2.3798	2.393	3.4978	3.4734	0.5271	0.5259	3.0432527221704586e-06
194	76234.2218	5.0962	1.5766	2.2575	0.8007	12.2093	2.3796	2.3909	3.4942	3.4699	0.5281	0.5269	3.0432527221704586e-06
195	76686.2475	5.095	1.5724	2.2572	0.8007	12.1241	2.3705	2.3878	3.482	3.4643	0.5313	0.5284	3.0432527221704586e-06
196	77120.3975	5.0297	1.563	2.2427	0.8033	12.2302	2.3784	2.3902	3.4972	3.4709	0.5272	0.5266	2.7389274499534128e-06
197	77556.8589	5.0803	1.5765	2.2539	0.8013	12.2232	2.3775	2.3892	3.4962	3.4682	0.5275	0.5273	2.7389274499534128e-06
198	77972.759	5.0735	1.5692	2.2524	0.8016	12.1785	2.3738	2.3884	3.4898	3.4647	0.5292	0.5283	2.7389274499534128e-06
199	78408.3533	5.1417	1.5783	2.2675	0.7989	12.1782	2.3732	2.3891	3.4897	3.4655	0.5293	0.5281	2.4650347049580716e-06
200	78863.6348	5.055	1.5628	2.2483	0.8023	12.1738	2.371	2.3856	3.4891	3.4651	0.5294	0.5282	2.4650347049580716e-06
