,fasta_id,smiles,Label,pred_log10[kcat(s^-1)],pred_log10[Km(mM)],pred_log10[kcat/Km(s^-1mM^-1)]
0,P9WIN5_wild,CCCCCCCCO,-3.3979400086720375,-0.63059002161026,-0.6898281574249268,-0.6695264577865601
1,P9WIN5_wild,CCCCCCCCCCCCCCCC(=O)SCCNC(=O)CCNC(=O)C(C(C)(C)COP(=O)(O)OP(=O)(O)OCC1C(C(C(O1)N2C=NC3=C(N=CN=C32)N)O)OP(=O)(O)O)O,-3.3467874862246565,-0.7419120073318481,-1.745174765586853,0.10960310697555542
2,B8IP05_wild,C1CC1(C(=O)[O-])N,0.26951294421791633,0.14198490977287292,-0.07144545018672943,0.5203092098236084
3,B1M5C5_wild,C1CC1(C(=O)[O-])N,0.04139268515822508,0.328845739364624,-0.006052244454622269,0.47849804162979126
4,A0A076MQB4_wild,C1CC1(C(=O)[O-])N,-1.0705810742857071,0.2665390074253082,0.028838519006967545,0.510474443435669
5,A9NG65_wild,C(C=O)C(C(C(CO)O)O)O,0.0,1.2833592891693115,0.766426682472229,0.46126067638397217
6,A9NG65_wild,C(C1C(C(C(C(O1)O)O)O)O)O,0.14612803567823798,1.6382299661636353,0.7591733932495117,0.4985923767089844
7,Q2G754_wild,C(C1C(C(C(C(O1)OC2(C(C(C(O2)CO)O)O)CO)O)O)O)O,5.501606922418829,2.416691303253174,1.4994333982467651,0.8197803497314453
8,S4UX02_wild,CC(C)C1=CC2=C(C=C1)C3(CCCC(C3CC2)(C)C)C,0.6434526764861874,-0.18302705883979797,-1.9384262561798096,1.3137125968933105
9,P61615_wild,CC(=C)CCOP(=O)(O)OP(=O)(O)O,-0.6989700043360187,-0.13482530415058136,-2.029829740524292,0.5770602226257324
10,P61615_Q160H,CC(=C)CCOP(=O)(O)OP(=O)(O)O,-3.0,-0.13282732665538788,-2.0210208892822266,0.5690730810165405
11,P61615_Q160E,CC(=C)CCOP(=O)(O)OP(=O)(O)O,-2.5228787452803374,-0.1429644227027893,-1.9997535943984985,0.5598310232162476
12,P61615_Q160L,CC(=C)CCOP(=O)(O)OP(=O)(O)O,-3.657577319177794,-0.12155738472938538,-2.0259928703308105,0.5735318660736084
13,P61615_Q160N,CC(=C)CCOP(=O)(O)OP(=O)(O)O,-3.705533773838407,-0.12955085933208466,-2.0205886363983154,0.5711792707443237
14,P0A6L2_Q234D,CC(=O)C(=O)[O-],1.0718820073061255,1.3518813848495483,-0.16311538219451904,0.7750355005264282
15,P0A6L2_K161R,CC(=O)C(=O)[O-],-0.7958800173440752,0.7811512351036072,-0.04457661136984825,0.401272714138031
16,P0A6L2_wild,CC(=O)C(=O)[O-],2.093421685162235,1.286417841911316,-0.17612908780574799,0.7820563316345215
17,P0A6L2_D193Y,C(C=O)C(C(=O)[O-])[NH3+],0.8129133566428556,1.6740175485610962,-0.5142260789871216,1.0646116733551025
18,P0A6L2_D193Y,CC(=O)C(=O)[O-],0.8573324964312685,1.4248175621032715,-0.23549075424671173,0.8125107288360596
19,P0A6L2_K161A,CC(=O)C(=O)[O-],-1.2218487496163564,0.5546911358833313,-0.02260434627532959,0.25258612632751465
20,P0A6L2_D193A,C(C=O)C(C(=O)[O-])[NH3+],1.0934216851622351,1.5488945245742798,-0.5166768431663513,1.1378183364868164
21,P0A6L2_T44S,CC(=O)C(=O)[O-],1.0170333392987805,1.2652689218521118,-0.15672823786735535,0.7464007139205933
22,P0A6L2_R138A,CC(=O)C(=O)[O-],-0.826813731587726,1.0308510065078735,0.06049041077494621,0.4984445869922638
23,P0A6L2_R138A,C(C=O)C(C(=O)[O-])[NH3+],-0.826813731587726,1.2211297750473022,-0.23864111304283142,0.7390623092651367
24,P0A6L2_R138H,CC(=O)C(=O)[O-],-1.4202164033831899,0.8634764552116394,-0.003197290003299713,0.4497538208961487
25,P0A6L2_R138H,C(C=O)C(C(=O)[O-])[NH3+],-1.4202164033831899,1.095448613166809,-0.2906041145324707,0.7312804460525513
26,P0A6L2_D193A,CC(=O)C(=O)[O-],0.9614210940664483,1.341652274131775,-0.20530807971954346,0.8323378562927246
27,P0A6L2_Q196D,CC(=O)C(=O)[O-],1.1231980750319988,1.3157296180725098,-0.15744908154010773,0.7650009989738464
28,Q9JZR4_wild,CC(=O)C(=O)[O-],1.6693168805661123,1.450966238975525,-0.1635531485080719,0.8093326091766357
29,A5F699_wild,CC(=O)C(=O)[O-],1.662757831681574,1.371317982673645,-0.2181498110294342,0.7281017303466797
30,A5F699_wild,C(C=O)C(C(=O)O)N,1.662757831681574,1.2597683668136597,-0.2861691117286682,0.8337802886962891
31,P95607_wild,C1=CC(=C(C=C1C(=O)O)O)O,-1.3979400086720375,1.021698236465454,-1.2384110689163208,1.4490349292755127
32,P95607_wild,C1=CC(=C(C=C1O)O)O,-0.5528419686577808,1.1792057752609253,-1.6088473796844482,1.9530143737792969
33,P95607_wild,C1=CC(=C(C(=C1)O)O)C(=O)O,-0.5528419686577808,0.8470757603645325,-1.035766839981079,1.5785303115844727
34,P95607_wild,C1=CC(=C(C(=C1)Cl)O)O,-0.744727494896694,0.37090086936950684,-1.8373578786849976,1.6643301248550415
35,P95607_wild,C1=CC(=C(C=C1Cl)O)O,-0.5686362358410126,0.20738711953163147,-2.212332248687744,1.6551891565322876
36,P95607_wild,C1=CC(=C(C(=C1)O)O)O,0.3820170425748684,0.8392168283462524,-1.3426662683486938,1.6475930213928223
37,P95607_wild,C1=CC=C(C(=C1)O)O,1.0098756337121602,0.9848353266716003,-1.7065186500549316,2.0960166454315186
38,P95607_wild,CC1=C(C(=CC=C1)O)O,1.0261245167454502,0.35094428062438965,-1.8980704545974731,1.8438737392425537
39,P95607_wild,CC1=CC(=C(C=C1)O)O,0.8645110810583919,0.44740837812423706,-1.5875540971755981,1.7689895629882812
40,Q9VMC9_wild,C1=CC=C(C(=C1)C(=O)CC(C(=O)O)N)NC=O,1.421603926869831,0.8658025860786438,-0.6588572263717651,1.2883535623550415
41,P00330_wild,CCO,2.24551266781415,0.5776304602622986,1.055148959159851,1.2651582956314087
42,P42328_wild,C1=CC(=C[N+](=C1)C2C(C(C(O2)COP(=O)([O-])OP(=O)(O)OCC3C(C(C(O3)N4C=NC5=C(N=CN=C54)N)O)O)O)O)C(=O)N,1.534026106056135,0.6724956631660461,0.031402382999658585,1.3628044128417969
43,P42328_W49F/W87F,C1=CC(=C[N+](=C1)C2C(C(C(O2)COP(=O)([O-])OP(=O)(O)OCC3C(C(C(O3)N4C=NC5=C(N=CN=C54)N)O)O)O)O)C(=O)N,0.47712125471966244,0.6063438653945923,0.039497796446084976,1.2725893259048462
44,P42328_W87A,C1=CC=C(C=C1)CO,0.7403626894942439,0.5760934352874756,0.9696598052978516,0.5453678369522095
45,P42328_wild,C1=CC=C(C=C1)CO,1.3961993470957363,0.6612277626991272,0.9924194812774658,0.6346017718315125
46,P42328_Y25A,C1=CC=C(C=C1)CO,1.146128035678238,0.6618720889091492,1.0097399950027466,0.6233478784561157
47,P42328_wild,C(CO)CO,-1.3872161432802645,1.243303894996643,1.8542531728744507,0.015981018543243408
48,P42328_wild,CCCCO,2.290034611362518,0.519269585609436,0.2882538139820099,1.3143961429595947
49,P42328_Y25A/W49F/W87F,C1=CC(=C[N+](=C1)C2C(C(C(O2)COP(=O)([O-])OP(=O)(O)OCC3C(C(C(O3)N4C=NC5=C(N=CN=C54)N)O)O)O)O)C(=O)N,0.7993405494535817,0.666041374206543,0.0006885714828968048,1.331852674484253
50,P42328_Y25A,C1=CC(=C[N+](=C1)C2C(C(C(O2)COP(=O)([O-])OP(=O)(O)OCC3C(C(C(O3)N4C=NC5=C(N=CN=C54)N)O)O)O)O)C(=O)N,0.7075701760979364,0.7188640236854553,-0.013759929686784744,1.4170100688934326
51,P42328_C257L,CCO,2.5622928644564746,0.7477747201919556,0.9285336136817932,1.4251205921173096
52,P42328_wild,CC(C)(C)O,-1.585026652029182,0.7778061032295227,1.329399585723877,-0.07823821902275085
53,P42328_wild,CO,-1.8860566476931633,-0.2764520049095154,2.3594460487365723,-0.5026968717575073
54,P42328_wild,CCO,2.484299839346786,0.7708136439323425,0.9409329891204834,1.4137747287750244
55,P42328_wild,CCC(C)O,-1.0268721464003014,1.0039098262786865,1.0059654712677002,0.3805175721645355
56,P42328_wild,CC(C)O,-1.1191864077192086,0.8062629103660583,1.3795465230941772,-0.15270793437957764
57,P42328_wild,CCCO,-1.7212463990471711,0.7887209057807922,0.622908353805542,0.6503527164459229
58,P42328_wild,CCCC=O,2.9689496809813427,0.9132515788078308,0.20754188299179077,1.5284194946289062
59,P42328_wild,CC=O,2.833147111912785,0.7998064756393433,0.6582057476043701,1.410367727279663
60,P42328_wild,C1C=CN(C=C1C(=O)N)C2C(C(C(O2)COP(=O)(O)OP(=O)(O)OCC3C(C(C(O3)N4C=NC5=C(N=CN=C54)N)O)O)O)O,2.513217600067939,0.9932630062103271,-0.5086970329284668,1.9001567363739014
61,Q4J702_wild,CC1CCCC(=O)C1,0.5797835966168101,0.7644698023796082,0.6279636025428772,0.2611823081970215
62,Q4J702_wild,CC(=O)C(=O)C1=CC=CC=C1,0.4913616938342727,0.5748582482337952,0.28386008739471436,0.42651987075805664
63,Q4J702_wild,C1=CC=C(C=C1)C(=O)C(F)(F)F,1.0,0.01555202528834343,0.507642388343811,0.22941520810127258
64,Q4J702_wild,C1CCC2C(C1)CCCC2O,-0.00877392430750515,-0.0629577785730362,0.6624021530151367,-0.06754988431930542
65,Q4J702_wild,COC(=O)C(=O)C1=CC=CC=C1,0.7923916894982539,0.5787703394889832,0.32748547196388245,0.40583914518356323
66,Q4J702_wild,CCOC(=O)C(=O)C1=CC=CC=C1,0.37106786227173627,0.17433705925941467,0.440847784280777,0.4603383541107178
67,Q4J702_wild,C1=CC(=C[N+](=C1)C2C(C(C(O2)COP(=O)([O-])OP(=O)(O)OCC3C(C(C(O3)N4C=NC5=C(N=CN=C54)N)O)O)O)O)C(=O)N,0.568201724066995,0.6663720011711121,0.09501634538173676,0.6538834571838379
68,Q4J702_wild,C1CC(C2=CC=CC=C2C1)O,0.3222192947339193,0.5988356471061707,-0.15813599526882172,0.49583864212036133
69,Q4J702_wild,C1=CC=C2C(=C1)C(=O)C(=O)N2,1.3424226808222062,0.9231935143470764,-0.4507189393043518,0.8760277032852173
70,Q4J702_wild,COC(=O)C(=O)C1=CC=CC=C1Cl,0.9637878273455552,0.441090852022171,-0.07123009860515594,0.45150992274284363
71,Q4J702_wild,C1CCCC(CC1)O,0.6434526764861874,0.32747286558151245,1.2523003816604614,-0.10374954342842102
72,Q4J702_wild,C1CC2=CC=CC=C2C1O,1.1367205671564067,0.5433104634284973,0.4048260748386383,0.3983839750289917
73,H9ZGN0_wild,CCO,3.4771212547196626,0.9585787653923035,0.8273114562034607,1.5983774662017822
74,H9ZGN0_wild,CC=O,3.5440680443502757,1.3937312364578247,0.5501049757003784,1.5897718667984009
75,G3FFC9_wild,CCO,2.1522883443830567,0.5662090182304382,1.174882411956787,1.1788321733474731
76,G3FFC9_wild,CC=O,2.45178643552429,0.8569504618644714,0.7422205805778503,1.301750659942627
77,V9SDP6_wild,CCO,0.6532125137753437,0.6252486109733582,1.4306069612503052,1.070693850517273
78,V9SDP6_wild,CC=O,1.7242758696007892,1.0016287565231323,0.8563940525054932,1.1690090894699097
79,V9SCJ1_wild,CCO,1.5185139398778875,0.9077195525169373,1.0056935548782349,1.4115909337997437
80,V9SFA1_wild,CCO,2.1986570869544226,1.14542555809021,1.0996795892715454,1.4959080219268799
81,Q8GIX7_A25Y,C1=CC=C(C=C1)CO,0.5797835966168101,0.7993436455726624,0.928676962852478,0.5945701599121094
82,Q8GIX7_wild,C1=CC=C(C=C1)CO,0.8388490907372553,0.8731419444084167,0.9224901795387268,0.6459630727767944
83,P42328_W49F/W87F/V260A,C1=CC(=C[N+](=C1)C2C(C(C(O2)COP(=O)([O-])OP(=O)(O)OCC3C(C(C(O3)N4C=NC5=C(N=CN=C54)N)O)O)O)O)C(=O)N,0.0,0.5808241367340088,0.031880635768175125,1.2488837242126465
84,P42328_W49F/W167Y,C1=CC(=C[N+](=C1)C2C(C(C(O2)COP(=O)([O-])OP(=O)(O)OCC3C(C(C(O3)N4C=NC5=C(N=CN=C54)N)O)O)O)O)C(=O)N,0.5314789170422551,0.6623437404632568,0.03149634972214699,1.2905861139297485
85,P42328_W49F/W167Y/V260A,C1=CC(=C[N+](=C1)C2C(C(C(O2)COP(=O)([O-])OP(=O)(O)OCC3C(C(C(O3)N4C=NC5=C(N=CN=C54)N)O)O)O)O)C(=O)N,0.14612803567823798,0.6357206702232361,0.023763779550790787,1.2671736478805542
86,Q8L3C9_wild,CCO,2.6766021695820186,0.5942619442939758,0.7705981731414795,1.4276235103607178
87,Q33DR0_wild,CCCCCCCCCCCCCCCC(=O)SCCNC(=O)CCNC(=O)C(C(C)(C)COP(=O)(O)OP(=O)(O)OCC1C(C(C(O1)N2C=NC3=C(N=CN=C32)N)O)OP(=O)(O)O)O,1.8920946026904804,-0.36982792615890503,-1.5433837175369263,1.7640384435653687
88,F9VMT6_wild,C(C(C=O)O)OP(=O)(O)O,-0.040958607678906384,0.8292461037635803,-0.7032324075698853,1.4915688037872314
89,F9VMT6_wild,C(C(=O)COP(=O)(O)O)O,-0.040958607678906384,0.11877226829528809,-0.7756619453430176,1.1215174198150635
90,Q9A3V8_wild,CC(C(C(=O)O)N)O,0.5185139398778875,0.8254227042198181,0.6475211381912231,0.2947734296321869
91,Q9A3V8_D95Y,CC(C(C(=O)O)N)O,1.3010299956639813,0.7847834229469299,0.6626152396202087,0.28491079807281494
92,Q9A3V8_D95L,CC(C(C(=O)O)N)O,1.3424226808222062,0.8130683302879333,0.6556426882743835,0.31744781136512756
93,Q9A3V8_D95N/E96S,CC(C(C(=O)O)N)O,-0.6989700043360187,0.7302629947662354,0.6538137197494507,0.2226036787033081
94,Q9A3V8_D95C,CC(C(C(=O)O)N)O,0.47712125471966244,0.810732901096344,0.6528606414794922,0.29213187098503113
95,Q9A3V8_D95Y/E96T,CC(C(C(=O)O)N)O,0.47712125471966244,0.6390987634658813,0.6738104224205017,0.18283753097057343
96,Q9A3V8_D95M,CC(C(C(=O)O)N)O,0.5563025007672873,0.8098263144493103,0.6580982208251953,0.31812018156051636
97,Q9A3V8_D95G/E96G,CC(C(C(=O)O)N)O,0.9344984512435677,0.6063999533653259,0.6952832341194153,0.13123254477977753
98,Q9A3V8_D95W,CC(C(C(=O)O)N)O,0.9822712330395684,0.7890953421592712,0.6573600172996521,0.30059900879859924
99,P40051_wild,CC(C(=O)NC(C)C(=O)O)NC(=O)C(CC1=CC=C(C=C1)O)N,0.14612803567823798,1.3348537683486938,0.12508657574653625,0.8475902080535889
100,P40051_wild,CC(C(=O)O)NC(=O)C1CCCN1C(=O)C(CC2=CC=C(C=C2)O)N,1.146128035678238,1.8914743661880493,0.20002010464668274,1.3492732048034668
101,P40051_wild,CC(C(=O)O)NC(=O)C1CCCN1C(=O)C(CCSC)N,1.4099331233312946,2.0677552223205566,0.4845409095287323,1.342934489250183
102,P9WPR5_wild,CC1=C(C(CCC1)(C)C)C=CC(=CC=CC(=CC=CC=C(C)C=CC=O)C)C,2.749504423876142,-1.7316731214523315,-1.4486180543899536,1.331111192703247
103,P9WPR5_wild,CC1=C(C(CCC1)(C)C)C=CC(=CC=CC(=CC=CC=C(C)C=CC=C(C)C=O)C)C,2.594060901270418,-1.7789766788482666,-1.5557900667190552,1.4358066320419312
104,P9WPR5_wild,CC1=C(C(CC(C1)O)(C)C)C=CC(=CC=CC(=CC=CC=C(C)C=CC=C(C)C=O)C)C,3.1166077439882485,-1.330919861793518,-1.4584108591079712,1.5253452062606812
105,Q2XSC6_wild,CC(=CCCC(=CCOP(=O)(O)OP(=O)(O)O)C)C,-1.9208187539523751,-0.8391456007957458,-1.8509114980697632,0.6782287359237671
106,A0A1C9J6A7_wild,CC(=CCCC(=CCOP(=O)(O)OP(=O)(O)O)C)C,-0.36653154442041347,-0.9024372696876526,-1.9575186967849731,0.7587457895278931
107,Q9HWS0_wild,C1C2C(C(C(O2)N3C=NC4=C3N=C(NC4=O)N)O)OP(=O)(OCC5C(C(C(O5)N6C=NC7=C6N=C(NC7=O)N)O)OP(=O)(O1)O)O,-3.8239087409443187,-1.3275777101516724,-1.744089126586914,0.2364996075630188
108,Q9HWS0_wild,C1=NC2=C(N1C3C(C(C(O3)COP(=O)([O-])OC4C(OC(C4O)N5C=NC6=C5N=C(NC6=O)N)COP(=O)([O-])[O-])O)O)N=C(NC2=O)N,-3.9208187539523753,-0.7734149098396301,-1.4043899774551392,-0.02026239037513733
109,Q9ZAG3_wild,C1C(O1)C2=CC=CC=C2,-0.3279021420642826,1.0148106813430786,0.596186101436615,-0.3252083957195282
110,Q9ZAG3_N55A,C1C(O1)C2=CC=CC=C2,-2.6989700043360187,0.9162951111793518,0.5522196888923645,-0.3861061632633209
111,Q9ZAG3_Y53F,C1C(O1)C2=CC=CC=C2,-0.7544873321858502,0.9935653805732727,0.5737525224685669,-0.31629303097724915
112,P07954_A308T,C(C(C(=O)O)O)C(=O)O,-0.7958800173440752,0.42941784858703613,-0.4197002947330475,0.9140658378601074
113,P07954_wild,C(C(C(=O)O)O)C(=O)O,2.568201724066995,0.44520729780197144,-0.4188210666179657,0.924615740776062
114,P07954_H318Y,C(C(C(=O)O)O)C(=O)O,-1.3872161432802645,0.4079897701740265,-0.3969651460647583,0.8732398748397827
115,Q8NRN8_wild,C(C(C(=O)O)O)C(=O)O,2.6627578316815743,0.368698388338089,0.3432621359825134,0.5534308552742004
116,Q8NRN8_wild,C(=CC(=O)[O-])C(=O)[O-],2.863322860120456,0.9460920095443726,-0.4000883400440216,1.352812647819519
117,P55250_H159S,C(C(C(=O)O)O)C(=O)O,-1.3979400086720375,0.6713820099830627,-0.22535768151283264,0.45834630727767944
118,P55250_H159V,C(C(C(=O)O)O)C(=O)O,-1.3187587626244128,0.659911572933197,-0.20790588855743408,0.4129355847835541
119,P55250_P160H,C(C(C(=O)O)O)C(=O)O,-1.4814860601221125,0.6008292436599731,-0.1935102343559265,0.32041141390800476
120,P55250_D162K,C(C(C(=O)O)O)C(=O)O,-1.1870866433571443,0.46159976720809937,-0.2510189414024353,0.37074440717697144
121,P55250_P160A,C(C(C(=O)O)O)C(=O)O,-1.4559319556497243,0.6727616190910339,-0.22346438467502594,0.43958723545074463
122,P55250_N161F,C(C(C(=O)O)O)C(=O)O,-1.537602002101044,0.5373445749282837,-0.21052837371826172,0.3133275806903839
123,P55250_N161E,C(C(C(=O)O)O)C(=O)O,-2.154901959985743,0.5376467704772949,-0.2045038342475891,0.34633153676986694
124,P55250_D162M,C(C(C(=O)O)O)C(=O)O,-1.2596373105057561,0.6474560499191284,-0.2315596640110016,0.3948284089565277
125,P55250_D162W,C(C(C(=O)O)O)C(=O)O,-1.958607314841775,0.6122262477874756,-0.24639198184013367,0.37035825848579407
126,P55250_N161R,C(C(C(=O)O)O)C(=O)O,-1.3467874862246563,0.4218343496322632,-0.23530733585357666,0.32213327288627625
127,P55250_P160T,C(C(C(=O)O)O)C(=O)O,-1.5528419686577808,0.5859206318855286,-0.19250980019569397,0.3481085002422333
128,P55250_H159Y,C(C(C(=O)O)O)C(=O)O,-1.0087739243075051,0.6537681221961975,-0.2306201159954071,0.43510332703590393
129,P05042_E315Q,C(C(C(=O)O)O)C(=O)O,1.742882171437273,0.555023193359375,0.1884956955909729,1.1145504713058472
130,P05042_wild,C(=CC(=O)[O-])C(=O)[O-],3.060697840353612,1.7377828359603882,-0.37265610694885254,1.989181399345398
131,Q5SKW5_wild,C1=NC(=C2C(=N1)N(C=N2)C3C(C(C(O3)COP(=O)(O)OP(=O)(O)OCC4C(C(C(O4)O)O)O)O)O)N,1.0273496077747566,0.21993382275104523,-0.9890778064727783,1.1380306482315063
132,Q84CU3_wild,CC1=CC2=C(C=C1C)N(C3=NC(=O)NC(=O)C3=N2)CC(C(C(COP(=O)(O)OP(=O)(O)OCC4C(C(C(O4)N5C=NC6=C(N=CN=C65)N)O)O)O)O)O,0.6989700043360189,-0.5299872159957886,-1.6936601400375366,1.1297657489776611
133,Q8KSC8_F171A,CC1=C(C=CC(=C1)Cl)OC(C)C(=O)[O-],0.4623979978989561,-0.07874913513660431,-0.14156201481819153,0.9028865098953247
134,Q8KSC8_R285A,CC1=C(C=CC(=C1)Cl)OC(C)C(=O)[O-],-0.060480747381381476,-0.09854723513126373,-0.11570706963539124,0.9044284224510193
135,Q8KSC8_I106A,CC1=C(C=CC(=C1)Cl)OC(C)C(=O)[O-],0.6020599913279624,-0.06779143214225769,-0.14256514608860016,0.914128839969635
136,Q8KSC8_Q93A,CC1=C(C=CC(=C1)Cl)OC(C)C(=O)[O-],0.6364878963533654,-0.0740431547164917,-0.14752700924873352,0.9418151378631592
137,Q8KSC8_wild,CC1=C(C=CC(=C1)Cl)OC(C)C(=O)[O-],0.6232492903979004,-0.06560637056827545,-0.1504804641008377,0.9300684928894043
138,Q8KSC8_V80A,CC1=C(C=CC(=C1)Cl)OC(C)C(=O)[O-],0.615950051656401,-0.0504213310778141,-0.1520509421825409,0.9364714622497559
139,Q8KSC8_F171Q,CC1=C(C=CC(=C1)Cl)OC(C)C(=O)[O-],0.5289167002776547,-0.06646011769771576,-0.1397101730108261,0.9002774953842163
140,G8H1L8_wild,C1CCC(=O)CC1,0.9912260756924949,0.9053006768226624,-0.9234049916267395,1.4155617952346802
141,G8H1L8_wild,C1CCC(=O)C(C1)C2=CC=CC=C2,-0.1366771398795441,0.6112418174743652,-0.47861406207084656,1.3749865293502808
142,G8H1L8_wild,C1CCCC(=O)CC1,0.6334684555795865,0.7246929407119751,-0.46802225708961487,1.0704275369644165
143,G8H1L8_wild,C1CC(=O)C1,0.8325089127062363,1.0608861446380615,-0.9682276248931885,1.442659616470337
144,G8H1L8_wild,C1CC(=O)C1O,0.6532125137753437,1.2189830541610718,-0.44825419783592224,1.2887908220291138
145,G8H1L8_wild,C1CCC(=O)C1,0.7708520116421442,0.7764778137207031,-0.40931203961372375,1.2307507991790771
146,G8H1L8_wild,C1CCCC(=O)CCC1,-0.16749108729376366,0.548252284526825,-0.11389738321304321,0.7660614252090454
147,A4FVP2_wild,CC(=CCCC(=CCOP(=O)(O)OP(=O)(O)O)C)C,-1.4685210829577449,-1.2726057767868042,-2.047957181930542,0.5818732976913452
148,A4FVP2_wild,CC(=CCCC(=CCCC(=CCOP(=O)(O)OP(=O)(O)O)C)C)C,-2.318758762624413,-1.376186490058899,-2.1224160194396973,0.6031208038330078
149,P18031_wild,C1=CC(=CC=C1[N+](=O)[O-])OP(=O)(O)O,1.3873898263387294,-0.3536945581436157,0.4086274206638336,0.11088478565216064
150,P18031_wild,CC1=CC(=O)OC2=C(C(=C(C=C12)F)OP(=O)(O)O)F,0.9375178920173467,-0.34892207384109497,-1.4704793691635132,1.1301438808441162
151,P17706_E187C,C1=CC(=CC=C1[N+](=O)[O-])OP(=O)(O)O,0.5440680443502757,-0.051030565053224564,0.3300985097885132,0.3038892149925232
152,P17706_P186C,C1=CC(=CC=C1[N+](=O)[O-])OP(=O)(O)O,0.568201724066995,-0.04596080258488655,0.34522032737731934,0.26081541180610657
153,P17706_P181C/P186C,C1=CC(=CC=C1[N+](=O)[O-])OP(=O)(O)O,0.505149978319906,-0.17924246191978455,0.3572694659233093,0.16261960566043854
154,P17706_P186C/E187C,C1=CC(=CC=C1[N+](=O)[O-])OP(=O)(O)O,0.23044892137827394,-0.06238323822617531,0.36223527789115906,0.26514044404029846
155,P17706_P181C,C1=CC(=CC=C1[N+](=O)[O-])OP(=O)(O)O,0.9912260756924949,-0.17427755892276764,0.3376816511154175,0.19051150977611542
156,P17706_F183C,C1=CC(=CC=C1[N+](=O)[O-])OP(=O)(O)O,-0.08092190762392612,-0.04331638291478157,0.34437480568885803,0.26273536682128906
157,P17706_E187C/S188C,C1=CC(=CC=C1[N+](=O)[O-])OP(=O)(O)O,0.7323937598229685,-0.06771206855773926,0.3337871730327606,0.30192872881889343
158,P17706_V185C,C1=CC(=CC=C1[N+](=O)[O-])OP(=O)(O)O,0.5910646070264992,-0.04848042502999306,0.335816890001297,0.297254741191864
159,P17706_G184C,C1=CC(=CC=C1[N+](=O)[O-])OP(=O)(O)O,0.6434526764861874,-0.04634854570031166,0.32830026745796204,0.29345372319221497
160,P17706_wild,C1=CC(=CC=C1[N+](=O)[O-])OP(=O)(O)O,0.7075701760979364,-0.040021028369665146,0.3189952075481415,0.29280778765678406
161,P17706_P181C/E187C,C1=CC(=CC=C1[N+](=O)[O-])OP(=O)(O)O,0.8061799739838872,-0.1878686100244522,0.34992197155952454,0.1949950009584427
162,Q57425_wild,C1=CC(=C[N+](=C1)C2C(C(C(O2)COP(=O)(O)[O-])O)O)C(=O)N,-0.036212172654444715,1.444933295249939,-0.6176952719688416,1.405353307723999
163,F4HQA8_wild,CC1=CC2=C(C=C1C)N(C3=NC(=O)NC(=O)C3=N2)CC(C(C(COP(=O)(O)O)O)O)O,-0.22914798835785583,0.6645140647888184,-1.4349110126495361,1.31209397315979
164,Q7NXD4_wild,C1=NC(=C2C(=N1)N(C=N2)C3C(C(C(O3)COP(=O)(O)O)OP(=O)(O)O)O)N,1.3424226808222062,0.9014816284179688,-1.5929137468338013,1.7216112613677979
165,Q7NXD4_wild,C1=NC2=C(N1C3C(C(C(O3)COP(=O)([O-])[O-])OP(=O)([O-])[O-])O)N=C(NC2=O)N,1.089905111439398,1.1497554779052734,-1.4594945907592773,1.5242555141448975
166,Q7NXD4_wild,C1C(C(OC1N2C=CC(=O)NC2=O)COP(=O)(O)O)OP(=O)(O)O,0.7160033436347992,0.6467211842536926,-1.2272504568099976,1.6420869827270508
167,A0A068L9J0_wild,CC(=CCCC(=CCOP(=O)(O)OP(=O)(O)O)C)C,-0.28399665636520083,-0.9865612387657166,-1.8190239667892456,0.7340720295906067
168,Q83XU8_wild,C(=CC(=O)C(=O)O)C=CO,4.3404441148401185,0.92509925365448,-1.6785029172897339,2.2020795345306396
169,Q9H2A2_wild,C(=CC=O)C=C(C(=O)O)N,-0.37675070960209955,0.5742462277412415,-1.2769955396652222,1.8291587829589844
170,Q9H2A2_R109A,C(=CC=O)C=C(C(=O)O)N,0.02530586526477026,0.524358332157135,-1.2496830224990845,1.7808283567428589
171,P0AEZ1_F223A,C1C=CN(C=C1C(=O)N)C2C(C(C(O2)COP(=O)(O)OP(=O)(O)OCC3C(C(C(O3)N4C=NC5=C(N=CN=C54)N)O)O)O)O,1.3424226808222062,1.083590030670166,-1.1849852800369263,2.015159845352173
172,P0AEZ1_wild,C1C=CN(C=C1C(=O)N)C2C(C(C(O2)COP(=O)(O)OP(=O)(O)OCC3C(C(C(O3)N4C=NC5=C(N=CN=C54)N)O)O)O)O,1.7403626894942439,1.1052625179290771,-1.2395905256271362,2.0494585037231445
173,P0AEZ1_F223L,C1C=CN(C=C1C(=O)N)C2C(C(C(O2)COP(=O)(O)OP(=O)(O)OCC3C(C(C(O3)N4C=NC5=C(N=CN=C54)N)O)O)O)O,1.4913616938342726,1.0647860765457153,-1.2017661333084106,1.986243486404419
174,Q4JG22_wild,C1C(=O)NC(=O)N1,0.46834733041215726,0.8818384408950806,1.2093201875686646,0.8898862600326538
175,Q4JG22_wild,C1CNC(=O)NC1=O,0.9609461957338314,0.6234596371650696,0.6003010272979736,0.740735650062561
176,Q4JG22_wild,C1CC(=O)NC1=O,3.17435059747938,1.117248296737671,1.1456760168075562,1.2160981893539429
177,Q4JG22_wild,C1=CC(=O)NC1=O,2.680335513414563,0.7292240262031555,0.8505712747573853,1.3015761375427246
178,Q5F9K6_wild,C1=NC2=C(N1C3C(C(C(O3)COP(=O)(O)OP(=O)(O)OP(=O)(O)O)O)O)N=C(NC2=O)N,-3.576754126063192,-0.3744671940803528,-1.080307126045227,0.7992335557937622
179,O97071_wild,C1=NC2=C(N1C3C(C(C(O3)COP(=O)(O)OP(=O)(O)OP(=O)(O)O)O)O)N=C(NC2=O)N,-1.408935392973501,-0.5962937474250793,-1.5317879915237427,0.5446176528930664
180,P23883_wild,C(CO)C(=O)[O-],-0.585026652029182,0.9873036742210388,-0.340690553188324,0.994674563407898
181,P23883_wild,CC=O,1.0425755124401905,0.6795724034309387,0.19206872582435608,1.338028907775879
182,P23883_wild,C(CO)C=O,1.455453968778628,0.9672965407371521,0.12169018387794495,1.1808178424835205
183,P23883_wild,CCC=O,1.3864989655506532,0.8587643504142761,-0.37257471680641174,1.6438238620758057
184,P23883_wild,CCCC=O,1.4305587695227575,0.5851312279701233,-0.47069883346557617,1.5012612342834473
185,P23883_wild,CCCCC=O,1.4189638307036228,0.9384481906890869,-1.0086932182312012,1.9511011838912964
186,P23883_wild,CC(C)CC=O,1.4363217001397333,0.7091044783592224,-0.5826451778411865,1.394273042678833
187,P23883_wild,C1=CC=C(C=C1)C=O,1.2397998184470986,0.578411340713501,-0.5538539290428162,1.758315086364746
188,A0L8G5_wild,CC(C)(COP(=O)(O)OP(=O)(O)OCC1C(C(C(O1)N2C=NC3=C(N=CN=C32)N)O)OP(=O)(O)O)C(C(=O)NCCC(=O)NCCSC(=O)CCC(=O)O)O,-0.3467874862246563,0.7112942337989807,-0.5574591755867004,1.6042240858078003
189,A0L8G5_wild,CC(C)(COP(=O)(O)OP(=O)(O)OCC1C(C(C(O1)N2C=NC3=C(N=CN=C32)N)O)OP(=O)(O)O)C(C(=O)NCCC(=O)NCCS)O,1.3926969532596658,0.6933453679084778,-0.6626460552215576,1.5377726554870605
190,A0L8G5_wild,C(CC(=O)O)C(=O)C(=O)O,1.481442628502305,0.8949230909347534,0.10015299916267395,1.2879302501678467
191,Q8RJQ9_wild,C(CC(=O)O)C(=O)C(=O)O,1.2304489213782739,0.36978089809417725,-0.18215179443359375,1.1378809213638306
192,F9USS9_wild,CC(C(=O)O)O,3.6762362167633116,0.2705906927585602,0.17671746015548706,0.9107944965362549
193,O81413_wild,CC1=C(C2=CC3=NC(=CC4=C(C(=C([N-]4)C=C5C(=C(C(=N5)C=C1[N-]2)C=C)C)C=C)C)C(=C3CCC(=O)C)C)CCC(=O)C.[Fe+5],0.2041199826559248,0.775833785533905,-1.8300672769546509,2.053098201751709
194,O81413_wild,C1C=CN(C=C1C(=O)N)C2C(C(C(O2)COP(=O)(O)OP(=O)(O)OCC3C(C(C(O3)N4C=NC5=C(N=CN=C54)N)O)O)O)O,2.1367205671564067,1.6353925466537476,-1.1715221405029297,2.5345470905303955
195,O81413_wild,C1CSSC1CCCCC(=O)N,2.593286067020457,1.560412049293518,0.4031723439693451,1.7868098020553589
196,Q96DE0_wild,C1=NC2=C(N1C3C(C(C(O3)COP(=O)(O)OP(=O)(O)O)O)O)NC(=O)NC2=O,-1.3665315444204136,-0.43472057580947876,-1.2748969793319702,0.3337530791759491
197,Q96DE0_wild,C1=NC2=C(C(=O)N1)N=CN2C3C(C(C(O3)COP(=O)(O)OP(=O)(O)OP(=O)(O)O)O)O,-1.2924298239020637,-0.5453380942344666,-1.0530812740325928,0.19850824773311615
198,Q96DE0_wild,C1=NC(=C2C(=N1)N(C=N2)C3C(C(C(O3)COP(=O)(O)OP(=O)(O)O)O)O)N,-1.0177287669604316,-0.47099703550338745,-1.138343334197998,0.48655062913894653
199,Q2QJL2_wild,C1=NC(=C(N1C2C(C(C(O2)COP(=O)(O)O)O)O)N)C(=O)O,1.0863598306747482,1.1757736206054688,-0.9831063747406006,1.6275568008422852
200,Q15JG1_wild,C1=C(C(C(C(C1OP(=O)(O)OP(=O)(O)OCC2C(C(C(O2)N3C=NC4=C3N=C(NC4=O)N)O)O)O)O)O)CO,0.8450980400142568,-0.2660249173641205,-0.6319446563720703,0.5747565627098083
201,Q15JG1_wild,C1C(C(C(C(C1N)O)O)O)COP(=O)(O)O,0.8450980400142568,0.18668556213378906,0.23917490243911743,0.7034397125244141
202,P29991_wild,C1=NC2=C(N1C3C(C(C(O3)COP(=O)(O)OP(=O)(O)OP(=O)(O)O)O)O)N=C(NC2=O)N,-0.4621809049267259,-1.1848798990249634,-0.7804892063140869,0.1600722372531891
203,Q57W59_wild,C(CO)N,1.110589710299249,0.5231819748878479,0.06979978084564209,0.7889034152030945
204,D3J0Z1_wild,CC(=CC1C(CC2=CNC3=CC=CC1=C23)NC)CO,-0.42021640338318983,-0.16708098351955414,-1.271193265914917,0.9931076765060425
205,D4AK45_wild,CC(=CC1C(CC2=CNC3=CC=CC1=C23)NC)CO,-0.11918640771920865,-0.0356016643345356,-1.4490443468093872,0.9225630760192871
206,Q59470_T172A,CC(CO)O,-0.3010299956639812,0.5167835354804993,1.5428849458694458,1.2051386833190918
207,Q59470_T172S,CC(CO)O,1.5314789170422551,0.5206975936889648,1.5345356464385986,1.2101296186447144
208,Q59470_S224N,CC(CO)O,1.2304489213782739,0.5217193961143494,1.5351375341415405,1.2070389986038208
209,Q59470_S224C,CC(CO)O,1.0791812460476249,0.505583643913269,1.5359898805618286,1.2024009227752686
210,Q59470_S224A,CC(CO)O,1.806179973983887,0.5219371318817139,1.5379692316055298,1.2075835466384888
211,Q59470_wild,CC(CO)O,2.526339277389844,0.5231530070304871,1.5345745086669922,1.2096869945526123
212,A0A0H2XGJ0_wild,C(CCNCCCN)CN,0.3944516808262163,0.35614126920700073,-0.48027095198631287,1.1479475498199463
213,A0A0H2XGJ0_wild,C(CCNCCCN)CNCCCN,0.5465426634781311,0.42297032475471497,-0.9217602014541626,1.480140209197998
214,P0DI77_wild,CC(=CCCC(=CCOP(=O)(O)OP(=O)(O)O)C)C,-3.0,-1.1848000288009644,-2.124950647354126,0.6123137474060059
215,A0A068L889_wild,CC(=CCCC(=CCOP(=O)(O)OP(=O)(O)O)C)C,0.6493348587121419,-0.9567630290985107,-1.9071520566940308,0.7170544266700745
216,A5Y5L5_wild,CC(=CCCC(=CCOP(=O)(O)OP(=O)(O)O)C)C,-3.3872161432802645,-0.6190768480300903,-2.126221179962158,0.8697407245635986
217,I3WEV8_wild,CC(=CCCC(=CCOP(=O)(O)OP(=O)(O)O)C)C,-2.0555173278498313,-0.9192189574241638,-1.9719396829605103,0.49952399730682373
218,A6XH05_N338C,CC(=CCCC(=CCOP(=O)(O)OP(=O)(O)O)C)C,-1.2839966563652008,-0.9066933989524841,-1.8132964372634888,0.6542321443557739
219,A6XH05_N338L,CC(=CCCC(=CCOP(=O)(O)OP(=O)(O)O)C)C,-2.0457574905606752,-0.9287068247795105,-1.7988579273223877,0.6359914541244507
220,A6XH05_N338I/A339T,CC(=CCCC(=CCOP(=O)(O)OP(=O)(O)O)C)C,-1.619788758288394,-0.9144425392150879,-1.808855414390564,0.6440074443817139
221,A6XH05_N338V,CC(=CCCC(=CCOP(=O)(O)OP(=O)(O)O)C)C,-1.9208187539523751,-0.9194140434265137,-1.8069988489151,0.6394666433334351
222,A6XH05_wild,CC(=CCCC(=CCOP(=O)(O)OP(=O)(O)O)C)C,-1.275724130399211,-0.9469912648200989,-1.829370379447937,0.6454882621765137
223,A6XH05_N338S,CC(=CCCC(=CCOP(=O)(O)OP(=O)(O)O)C)C,-1.6575773191777938,-0.897315502166748,-1.800260305404663,0.6513014435768127
224,A6XH05_N338I,CC(=CCCC(=CCOP(=O)(O)OP(=O)(O)O)C)C,-1.0177287669604316,-0.9215952157974243,-1.8062011003494263,0.6400023698806763
225,A6XH05_N338A,CC(=CCCC(=CCOP(=O)(O)OP(=O)(O)O)C)C,-1.1611509092627446,-0.9033796191215515,-1.7920809984207153,0.6418235301971436
226,Q6Q874_wild,C1=CC(=CC=C1CC(C(=O)O)N)O,0.11394335230683679,-1.0129817724227905,-0.361266553401947,0.3176828920841217
227,Q6Q874_wild,CC(=CCOP(=O)(O)OP(=O)(O)O)C,0.0,-1.0194753408432007,-0.8471716642379761,0.5543354749679565
228,Q6Q874_wild,C1=CC=C2C(=C1)C(=CN2)CC(C(=O)O)N,-1.0222763947111522,-0.8042303919792175,-0.677454948425293,0.46334102749824524
229,A0A1Y2HEJ3_wild,C1=NC2=C(N1C3C(C(C(O3)COP(=O)(O)OP(=O)(O)OP(=O)(O)O)O)O)N=C(NC2=O)N,0.05307844348341968,0.7106876969337463,-0.2409280240535736,1.132808804512024
230,D2Z030_wild,C(CS)C(C(=O)O)N,2.934498451243568,0.15120364725589752,0.4048682153224945,0.9017533659934998
231,D2Z030_wild,C(C(C(=O)O)N)ONC(=O)N,3.342422680822206,1.1533571481704712,0.8833751678466797,0.9893434643745422
232,A0A0A8JIJ3_wild,C1=CC2=C(C=C1[N+](=O)[O-])C=NO2,0.9813655090785445,0.9568240642547607,-0.2970530092716217,0.8558905124664307
233,Q9AR73_A204V,COC1=C(C=CC(=C1)C=O)O,0.11394335230683679,0.19408445060253143,-0.39926308393478394,0.7064299583435059
234,Q9AR73_E368A,COC1=C(C=CC(=C1)C=O)O,-1.0969100130080565,0.0981035828590393,-0.37113073468208313,0.6274563670158386
235,Q9AR73_E368D,COC1=C(C=CC(=C1)C=O)O,-0.9208187539523752,0.15233537554740906,-0.38706710934638977,0.6686809659004211
236,Q9AR73_L86I,COC1=C(C=CC(=C1)C=O)O,0.2648178230095365,0.1878463625907898,-0.3992407023906708,0.7128885984420776
237,Q9AR73_wild,COC1=C(C=CC(=C1)C=O)O,0.4132997640812518,0.18410106003284454,-0.3901841342449188,0.7084978222846985
238,Q9AR73_wild,C1=CC(=CC=C1O)O,-3.42021640338319,0.08246244490146637,-0.45009955763816833,0.49612489342689514
239,A0A0A0RDZ8_wild,CC(=CCCC(=CCCC(=CCOP(=O)(O)OP(=O)(O)O)C)C)C,-2.1739251972991736,-1.3210071325302124,-1.9609671831130981,0.7443628311157227
240,Q9A613_wild,C(C1C(C(C(C(O1)OC2C(OC(C(C2O)O)OC3C(OC(C(C3O)O)O)CO)CO)O)O)O)O,2.1760912590556813,1.3171617984771729,-0.7711998224258423,1.2901816368103027
241,Q9A613_wild,C(C1C(C(C(C(O1)OC2C(OC(C(C2O)O)OC3C(OC(C(C3O)O)OC4C(OC(C(C4O)O)OC5C(OC(C(C5O)O)OC6C(OC(C(C6O)O)O)CO)CO)CO)CO)CO)O)O)O)O,2.0969100130080562,1.5535194873809814,-1.037158727645874,1.553488850593567
242,Q9A613_wild,C(C1C(C(C(C(O1)OC2C(OC(C(C2O)O)OC3C(OC(C(C3O)O)OC4C(OC(C(C4O)O)OC5C(OC(C(C5O)O)OC6C(OC(C(C6O)O)OC7C(OC(C(C7O)O)O)CO)CO)CO)CO)CO)CO)O)O)O)O,2.0569048513364727,1.6819058656692505,-1.055580496788025,1.5704185962677002
243,Q9A613_wild,C(C1C(C(C(C(O1)OC2C(OC(C(C2O)O)OC3C(OC(C(C3O)O)OC4C(OC(C(C4O)O)O)CO)CO)CO)O)O)O)O,2.1903316981702914,1.3563894033432007,-0.9676658511161804,1.3124637603759766
244,Q9A613_wild,C(C1C(C(C(C(O1)OC2C(OC(C(C2O)O)O)CO)O)O)O)O,1.5820633629117087,1.3539806604385376,-0.24071156978607178,1.150302529335022
245,M1URK1_wild,N(=O)[O-],0.3222192947339193,1.6032134294509888,-0.6831362247467041,0.8889387845993042
246,M1V771_G212S/L213T/Y214L/S217C/C220I/S221N,N(=O)[O-],0.24797326636180664,1.6877087354660034,-0.661644458770752,1.0053353309631348
247,M1V771_wild,N(=O)[O-],0.5763413502057929,1.5487622022628784,-0.6121379733085632,0.9036884903907776
248,Q84LB2_S488A,CC(=CCCC(=CCCC(=CCOP(=O)(O)OP(=O)(O)O)C)C)C,-1.408935392973501,-0.8442069292068481,-2.0964415073394775,0.8913453817367554
249,Q84LB2_S487K,CC(=CCCC(=CCCC(=CCOP(=O)(O)OP(=O)(O)O)C)C)C,-1.6575773191777938,-0.8371054530143738,-2.1048810482025146,0.9026156663894653
250,Q84LB2_wild,CC(=CCCC(=CCCC(=CCOP(=O)(O)OP(=O)(O)O)C)C)C,-1.2732727909734278,-0.8448091149330139,-2.098566770553589,0.9007953405380249
251,Q84LB2_D484A,CC(=CCCC(=CCCC(=CCOP(=O)(O)OP(=O)(O)O)C)C)C,-2.065501548756432,-0.8495802283287048,-2.0889933109283447,0.8909286260604858
252,Q84LB2_S487A,CC(=CCCC(=CCCC(=CCOP(=O)(O)OP(=O)(O)O)C)C)C,-2.5850266520291822,-0.8459995985031128,-2.1047604084014893,0.8936818838119507
253,Q84LB2_S485A,CC(=CCCC(=CCCC(=CCOP(=O)(O)OP(=O)(O)O)C)C)C,-1.212539525481585,-0.8428632616996765,-2.101290702819824,0.900406002998352
254,Q84LB2_D484A,CC(=CCCC(=CCOP(=O)(O)OP(=O)(O)O)C)C,-4.468521082957745,-0.8376672863960266,-2.0536630153656006,0.8433325886726379
255,Q84LB2_wild,CC(=CCCC(=CCOP(=O)(O)OP(=O)(O)O)C)C,-3.55129368009492,-0.8334460854530334,-2.0616095066070557,0.8519850969314575
256,Q84LB2_S485A,CC(=CCCC(=CCOP(=O)(O)OP(=O)(O)O)C)C,-3.2306226739238615,-0.8296942710876465,-2.064110279083252,0.8503410220146179
257,Q84LB2_S487A,CC(=CCCC(=CCOP(=O)(O)OP(=O)(O)O)C)C,-5.301029995663981,-0.8344424962997437,-2.06744384765625,0.8437718152999878
258,Q84LB2_S488A,CC(=CCCC(=CCOP(=O)(O)OP(=O)(O)O)C)C,-4.2839966563652006,-0.8311708569526672,-2.0594334602355957,0.8409025073051453
259,P0CJ43_wild,CC(=CCCC(=CCCC(=CCOP(=O)(O)OP(=O)(O)O)C)C)C,-2.3467874862246565,-1.0688554048538208,-2.083761692047119,0.6796066761016846
260,P39641_Y75F,CC(C(=O)O)N,0.9867717342662449,0.06910023093223572,0.6864974498748779,0.41064491868019104
261,P39641_wild,CC(C(=O)O)N,0.8864907251724818,0.07570965588092804,0.6828681230545044,0.41068369150161743
262,P39641_wild,C1=CC=C(C=C1)CC(C(=O)O)N,0.8864907251724818,0.21809540688991547,0.1957719922065735,0.600037157535553
263,P39641_S184A,CC(C(=O)O)N,1.0334237554869496,0.09263132512569427,0.6740221977233887,0.416149377822876
264,P39641_S184A,C1=CC=C(C=C1)CC(C(=O)O)N,1.0334237554869496,0.22985172271728516,0.19200438261032104,0.6057947874069214
265,P39641_S184F,CC(C(=O)O)N,0.8920946026904804,0.05561677739024162,0.6575219035148621,0.38688257336616516
266,P39641_S184F,C1=CC=C(C=C1)CC(C(=O)O)N,0.8920946026904804,0.1815260350704193,0.17801815271377563,0.5765599012374878
267,Q70PR7_S29A,CC=C1CN2C3CC1C(C2CC4=C3NC5=C4C=CC(=C5)OC)C=O,-1.744727494896694,-0.011040214449167252,-2.235069990158081,0.7620378136634827
268,Q70PR7_C149A,CC=C1CN2C3CC1C(C2CC4=C3NC5=C4C=CC(=C5)OC)C=O,-2.0969100130080562,0.005240585654973984,-2.250732898712158,0.7954061031341553
269,Q70PR7_N293A,CC=C1CN2C3CC1C(C2CC4=C3NC5=C4C=CC(=C5)OC)C=O,-1.3665315444204136,-0.043914664536714554,-2.2304608821868896,0.7420848608016968
270,Q70PR7_C89A,CC=C1CN2C3CC1C(C2CC4=C3NC5=C4C=CC(=C5)OC)C=O,-1.1674910872937636,-0.04718637838959694,-2.2633166313171387,0.7585046291351318
271,Q70PR7_S413A,CC=C1CN2C3CC1C(C2CC4=C3NC5=C4C=CC(=C5)OC)C=O,-1.0705810742857071,-0.013638172298669815,-2.2482120990753174,0.7770583629608154
272,Q70PR7_wild,CC=C1CN2C3CC1C4C2CC5(C4OC(=O)C)C3=NC6=CC=CC=C56,-0.1337126609158051,0.0550309382379055,-2.128769874572754,1.003471851348877
273,Q9LA16_wild,[O-]S(=O)[O-],2.715167357848458,2.660846471786499,-0.7121386528015137,2.007430076599121
274,M1F2U2_wild,CC(CCO)(CC(=O)[O-])O,2.1577588860468637,0.3209865689277649,-0.884903073310852,0.9820117950439453
275,M1F2U2_wild,C1=NC(=C2C(=N1)N(C=N2)C3C(C(C(O3)COP(=O)(O)OP(=O)(O)OP(=O)(O)O)O)O)N,2.17868923977559,0.31308525800704956,-0.7634086608886719,1.0819857120513916
276,B1XCS0_wild,C1=NC(=C2C(=N1)N(C=N2)C3C(C(C(O3)COP(=O)(O)O)O)O)N,2.6074550232146687,0.4236913025379181,-1.3870302438735962,2.500746488571167
277,P0A840_wild,C1=NC2=C(N1C3C(C(C(O3)COP(=O)(O)O)O)O)N=C(NC2=O)N,1.0413926851582251,0.2621520757675171,-1.1941264867782593,1.9182319641113281
278,P0A840_wild,C1=CC(=CC=C1[N+](=O)[O-])OP(=O)(O)O,0.5502283530550941,0.607186496257782,-0.0598941370844841,1.248796820640564
279,P0A840_wild,C1C(C(OC1N2C=NC3=C2N=C(NC3=O)N)COP(=O)(O)O)O,0.9052560487484512,0.04298948869109154,-0.8718429207801819,1.7818963527679443
280,P0A840_wild,C1=NC(=C2C(=N1)N(C=N2)C3C(C(C(O3)CO)OP(=O)(O)O)O)N,0.9929950984313415,0.3772032856941223,-1.1395665407180786,2.250868082046509
281,P0A840_wild,C1=CN(C(=O)N=C1N)C2C(C(C(O2)CO)OP(=O)(O)O)O,0.7730546933642626,0.6149436831474304,-0.991056501865387,1.9507018327713013
282,B8XA40_wild,CC(=C)CCOP(=O)(O)OP(=O)(O)O,-0.721246399047171,-0.0812559723854065,-1.7434536218643188,1.238419771194458
283,B8XA40_wild,CC(=CCOP(=O)(O)OP(=O)(O)O)C,-1.2596373105057561,-0.2128583788871765,-1.32511305809021,0.9995111227035522
284,B8XA40_wild,CC(=CCCC(=CCOP(=O)(O)OP(=O)(O)O)C)C,-1.1611509092627446,-0.3986654579639435,-1.783129334449768,1.2309826612472534
285,P56601_S20T,CC1=C2CC3=C(C(=C(N3)CC4=C(C(=C(N4)CC5=C(C(=C(N5)CC(=C1CCC(=O)O)N2)CCC(=O)O)C)C=C)C)C=C)C,-0.10790539730951958,-1.592025637626648,-2.755094528198242,1.711512565612793
286,P56601_W408L,CC1=C2CC3=C(C(=C(N3)CC4=C(C(=C(N4)CC5=C(C(=C(N5)CC(=C1CCC(=O)O)N2)CCC(=O)O)C)C=C)C)C=C)C,-0.8538719643217619,-1.556329369544983,-2.7726266384124756,1.7396422624588013
287,P56601_S20A,CC1=C2CC3=C(C(=C(N3)CC4=C(C(=C(N4)CC5=C(C(=C(N5)CC(=C1CCC(=O)O)N2)CCC(=O)O)C)C=C)C)C=C)C,-0.37675070960209955,-1.5749255418777466,-2.7592616081237793,1.723288893699646
288,P56601_wild,CC1=C2CC3=C(C(=C(N3)CC4=C(C(=C(N4)CC5=C(C(=C(N5)CC(=C1CCC(=O)O)N2)CCC(=O)O)C)C=C)C)C=C)C,-0.14266750356873156,-1.5645090341567993,-2.7533822059631348,1.7302566766738892
289,P56601_E39D,CC1=C2CC3=C(C(=C(N3)CC4=C(C(=C(N4)CC5=C(C(=C(N5)CC(=C1CCC(=O)O)N2)CCC(=O)O)C)C=C)C)C=C)C,0.18184358794477257,-1.570479393005371,-2.754446506500244,1.7159903049468994
290,Q9HXE3_S45A,C(CC(C(=O)O)N)CN=C(N)N,2.462397997898956,0.47753021121025085,0.09411542117595673,1.2013224363327026
291,Q9HXE3_wild,CC(C)CC(C(=O)O)N,1.7403626894942439,0.5421931147575378,0.24069800972938538,1.080735206604004
292,Q9HXE3_wild,C(CC(C(=O)O)N)CN=C(N)N,2.204119982655925,0.4681641459465027,0.09526461362838745,1.1973048448562622
293,Q9HXE3_wild,CSCCC(C(=O)O)N,2.278753600952829,0.5776218771934509,0.3802235424518585,1.2234283685684204
294,Q9HXE3_wild,C(CCN)CC(C(=O)O)N,2.7403626894942437,0.20419608056545258,0.3028534948825836,1.0085890293121338
295,Q9HXE3_wild,C1=C(NC=N1)CC(C(=O)O)N,1.5440680443502757,0.41418999433517456,0.5166534781455994,0.8849947452545166
296,Q9HXE3_wild,C1=CC=C(C=C1)CC(C(=O)O)N,1.8750612633917,0.6875750422477722,0.2456912100315094,1.0580345392227173
297,Q9HXE3_A46G,C(CC(C(=O)O)N)CN=C(N)N,2.322219294733919,0.49548643827438354,0.08979959785938263,1.2141979932785034
298,Q9HXE3_wild,C1=CC(=CC=C1CC(C(=O)O)N)O,1.3617278360175928,-0.15779201686382294,-0.12686780095100403,1.0207767486572266
299,Q9HXE3_Y249F,C(CC(C(=O)O)N)CN=C(N)N,2.3096301674258988,0.4049297571182251,0.11596159636974335,1.1649558544158936
300,Q9HXE3_Y53F,C(CC(C(=O)O)N)CN=C(N)N,2.6232492903979003,0.4600916802883148,0.08175760507583618,1.2051318883895874
301,Q2YIQ1_wild,C1=NC(=C2C(=N1)N(C=N2)C3C(C(C(O3)COP(=O)(O)OP(=O)(O)OP(=O)(O)O)O)O)N,2.361727836017593,1.1759494543075562,-0.45867007970809937,1.3181345462799072
302,Q2YIQ1_wild,C(C(C(CO)O)O)O,2.361727836017593,1.2698687314987183,0.48643675446510315,0.6831314563751221
303,O26153_wild,CC(=CCOP(=O)(O)O)C,1.5314789170422551,0.14353317022323608,-0.9487099647521973,1.2648977041244507
304,O26153_wild,CC(=C)CCOP(=O)(O)OP(=O)(O)O,0.6532125137753437,0.3330588638782501,-2.021738290786743,1.7401063442230225
305,O26153_wild,CCCCOP(=O)(OCCCC)OCCCC,1.5024271199844328,1.094110369682312,-0.9434069395065308,1.562006950378418
306,O26153_wild,CC(=C)CCOP(=O)(O)O,1.4393326938302626,0.32986462116241455,-1.7039088010787964,1.7838261127471924
307,O26153_wild,CC(=CCCC(=CCOP(=O)(O)O)C)C,-1.8477116556169435,-0.6173586249351501,-1.3834044933319092,1.275360107421875
308,Q381M1_N147A,C1=CN(C(=O)NC1=O)C2C(C(C(O2)COP(=O)(O)OP(=O)(O)OP(=O)(O)O)O)O,-2.3010299956639813,-0.30596262216567993,-1.672763466835022,-0.1306716501712799
309,Q381M1_S188A,C1=CN(C(=O)NC1=O)C2C(C(C(O2)COP(=O)(O)OP(=O)(O)OP(=O)(O)O)O)O,-3.3010299956639813,-0.2714434266090393,-1.647931694984436,-0.09655484557151794
310,Q381M1_S148A,C1=CN(C(=O)NC1=O)C2C(C(C(O2)COP(=O)(O)OP(=O)(O)OP(=O)(O)O)O)O,-1.6777807052660807,-0.2547035813331604,-1.6639937162399292,-0.08278915286064148
311,Q381M1_Y189F,C1=CN(C(=O)NC1=O)C2C(C(C(O2)COP(=O)(O)OP(=O)(O)OP(=O)(O)O)O)O,-1.8239087409443189,-0.27456584572792053,-1.6601461172103882,-0.0992458164691925
312,Q381M1_R307A,C1=CN(C(=O)NC1=O)C2C(C(C(O2)COP(=O)(O)OP(=O)(O)OP(=O)(O)O)O)O,-3.876148359032914,-0.2333941012620926,-1.6389431953430176,-0.09667667746543884
313,Q381M1_D297A,C1=CN(C(=O)NC1=O)C2C(C(C(O2)COP(=O)(O)OP(=O)(O)OP(=O)(O)O)O)O,-3.4814860601221125,-0.28828027844429016,-1.6574071645736694,-0.09917831420898438
314,Q381M1_E300A,C1=CN(C(=O)NC1=O)C2C(C(C(O2)COP(=O)(O)OP(=O)(O)OP(=O)(O)O)O)O,-2.1804560644581312,-0.23077712953090668,-1.6686805486679077,-0.06367909908294678
315,Q381M1_R141A,C1=CN(C(=O)NC1=O)C2C(C(C(O2)COP(=O)(O)OP(=O)(O)OP(=O)(O)O)O)O,-3.958607314841775,-0.28624972701072693,-1.6362029314041138,-0.11015737056732178
316,Q381M1_R121A,C1=CN(C(=O)NC1=O)C2C(C(C(O2)COP(=O)(O)OP(=O)(O)OP(=O)(O)O)O)O,-4.481486060122113,-0.26177430152893066,-1.6386443376541138,-0.10761797428131104
317,Q381M1_D297N,C1=CN(C(=O)NC1=O)C2C(C(C(O2)COP(=O)(O)OP(=O)(O)OP(=O)(O)O)O)O,-4.176525770829699,-0.2690558433532715,-1.6668227910995483,-0.07989144325256348
318,Q44115_wild,CCC1=C(C(=NC1=O)C=C2C(=C(C(=CC3=C(C(=C(N3)C=C4C(=CC)C(C(=O)N4)C)C)CCC(=O)[O-])N2)CCC(=O)[O-])C)C,-1.6020599913279623,-2.2131154537200928,-2.4210562705993652,0.6361123323440552
319,P08473_wild,CC(C)CC(C(=O)NC(CCSC)C(=O)N)NC(=O)CNC(=O)C(CC1=CC=CC=C1)NC(=O)C(CC2=CC=CC=C2)NC(=O)C(CCC(=O)N)NC(=O)C(CCC(=O)N)NC(=O)C3CCCN3C(=O)C(CCCCN)NC(=O)C4CCCN4C(=O)C(CCCN=C(N)N)N,1.255272505103306,1.5933341979980469,-1.4044889211654663,2.2848498821258545
320,P08473_wild,C1CC(N(C1)C(=O)C2CSSCC(C(=O)NC(C(=O)NC(C(=O)NC(C(=O)NC(C(=O)N2)CC(=O)N)CCC(=O)N)CC3=CC=CC=C3)CC4=CC=C(C=C4)O)N)C(=O)NC(CCCN=C(N)N)C(=O)NCC(=O)N,0.4471580313422192,1.5997363328933716,-1.403079867362976,2.3628299236297607
321,P08473_wild,C1CC(N(C1)C(=O)C2CCCN2C(=O)C(CCCN=C(N)N)N)C(=O)NCC(=O)NC(CC3=CC=CC=C3)C(=O)NC(CO)C(=O)N4CCCC4C(=O)NC(CC5=CC=CC=C5)C(=O)NC(CCCN=C(N)N)C(=O)O,1.2041199826559248,1.1159188747406006,-1.6043065786361694,2.1997458934783936
322,P08473_wild,CC(C)CC(C(=O)NC(CCSC)C(=O)N)NC(=O)CNC(=O)C(C(C)C)NC(=O)C(CC1=CC=CC=C1)NC(=O)C(CO)NC(=O)C(CC(=O)O)NC(=O)C(C(C)O)NC(=O)C(CCCCN)NC(=O)C(CC2=CN=CN2)N,1.2304489213782739,1.459563970565796,-1.3642613887786865,1.9704957008361816
323,P08473_wild,CC(C)CC(C(=O)NC(CCSC)C(=O)N)NC(=O)CNC(=O)C(C(C)C)NC(=O)C(CC1=CC=CC=C1)NC(=O)C(CC2=CC=CC=C2)NC(=O)C(CC(=O)O)NC(=O)C(CC3=CN=CN3)NC(=O)C(CCSC)NC(=O)C(CC(=O)O)N,1.3010299956639813,1.818843960762024,-1.3714680671691895,2.093122720718384
324,P08473_wild,CC(C)CC(C(=O)NC(C(C)C)C(=O)NC(C(C)O)C(=O)NC(CC(C)C)C(=O)O)NC(=O)C1CCCN1C(=O)C(C(C)O)NC(=O)C(CCC(=O)N)NC(=O)C(CO)NC(=O)C(CCCCN)NC(=O)C(CCC(=O)O)NC(=O)C(CO)NC(=O)C(C(C)O)NC(=O)C(CCSC)NC(=O)C(CC2=CC=CC=C2)NC(=O)CNC(=O)CNC(=O)C(CC3=CC=C(C=C3)O)N,0.6812412373755872,1.7646639347076416,-1.5174627304077148,2.1432318687438965
325,P08473_wild,CC(C)CC(C(=O)NC(C(C)C)C(=O)NC(C(C)O)C(=O)O)NC(=O)C1CCCN1C(=O)C(C(C)O)NC(=O)C(CCC(=O)N)NC(=O)C(CO)NC(=O)C(CCCCN)NC(=O)C(CCC(=O)O)NC(=O)C(CO)NC(=O)C(C(C)O)NC(=O)C(CCSC)NC(=O)C(CC2=CC=CC=C2)NC(=O)CNC(=O)CNC(=O)C(CC3=CC=C(C=C3)O)N,0.9493900066449128,1.7605853080749512,-1.5390655994415283,2.1414384841918945
326,P08473_wild,CCC(C)C(C(=O)NC(CC(C)C)C(=O)O)NC(=O)C(CC1=CC=C(C=C1)O)NC(=O)C2CCCN2C(=O)C(CCCN=C(N)N)NC(=O)C(CCCN=C(N)N)NC(=O)C3CCCN3C(=O)C(CCCCN)NC(=O)C(CC(=O)N)NC(=O)C(CCC(=O)O)NC(=O)C(CC4=CC=C(C=C4)O)NC(=O)C(CC(C)C)NC(=O)C5CCC(=O)N5,1.1139433523068367,1.3547372817993164,-1.654029130935669,2.190596103668213
327,P08473_wild,CC(C)CC(C(=O)NC(CCSC)C(=O)NC(CC(=O)N)C(=O)NC(C(C)O)C(=O)O)NC(=O)C(CC1=CNC2=CC=CC=C21)NC(=O)C(CCC(=O)N)NC(=O)C(C(C)C)NC(=O)C(CC3=CC=CC=C3)NC(=O)C(CC(=O)O)NC(=O)C(CCC(=O)N)NC(=O)C(C)NC(=O)C(CCCNC(=N)N)NC(=O)C(CCCNC(=N)N)NC(=O)C(CO)NC(=O)C(CC(=O)O)NC(=O)C(CC(C)C)NC(=O)C(CC4=CC=C(C=C4)O)NC(=O)C(CCCCN)NC(=O)C(CO)NC(=O)C(CC5=CC=C(C=C5)O)NC(=O)C(CC(=O)O)NC(=O)C(CO)NC(=O)C(C(C)O)NC(=O)C(CC6=CC=CC=C6)NC(=O)C(C(C)O)NC(=O)CNC(=O)C(CCC(=O)N)NC(=O)C(CO)NC(=O)C(CC7=CN=CN7)N,0.6532125137753437,0.8411733508110046,-2.0167269706726074,1.8223541975021362
328,P08473_wild,CCC(C)C(C(=O)NC(C(C)CC)C(=O)NC(CC1=CNC2=CC=CC=C21)C(=O)O)NC(=O)C(CC(=O)O)NC(=O)C(CC(C)C)NC(=O)C(CC3=CN=CN3)NC(=O)C4CSSCC(C(=O)NC(C(=O)NC5CSSCC(C(=O)NC(C(=O)NC(C(=O)NC(C(=O)N4)CC6=CC=CC=C6)CC7=CC=C(C=C7)O)C(C)C)NC(=O)C(NC(=O)C(NC(=O)C(NC(=O)C(NC(=O)C(NC(=O)C(NC(=O)C(NC5=O)CO)CO)CC(C)C)CCSC)CC(=O)O)CCCCN)CCC(=O)O)CO)N,-0.16749108729376366,0.9131694436073303,-1.8137990236282349,1.9469554424285889
329,P08473_wild,CC(C)CC(C(=O)NC(C)C(=O)NC(CC(=O)N)C(=O)NC(CCC(=O)N)C(=O)O)NC(=O)C(CCCCN)NC(=O)C(CCCNC(=N)N)NC(=O)C(C)NC(=O)C(CO)NC(=O)C(CCCCN)NC(=O)C(CCCNC(=N)N)NC(=O)C(C)NC(=O)CNC(=O)C(C(C)O)NC(=O)C(CC1=CC=CC=C1)NC(=O)CNC(=O)CNC(=O)C(CC2=CC=CC=C2)N,1.0413926851582251,1.6179332733154297,-1.8999139070510864,2.144123077392578
330,P08473_wild,CC(C1C(=O)NC(C(=O)NC(C(=O)NC(C(=O)NC(CSSCC(C(=O)NC(C(=O)NC(C(=O)NC(C(=O)NC(C(=O)NC(C(=O)NC(C(=O)N1)CCCCN)CC2=CNC3=CC=CC=C32)CC4=CC=CC=C4)CC5=CC=CC=C5)CC(=O)N)CCCCN)NC(=O)CNC(=O)C(C)N)C(=O)O)CO)C(C)O)CC6=CC=CC=C6)O,1.505149978319906,1.3792797327041626,-1.8734325170516968,2.3699960708618164
331,P08473_wild,CC(C1C(=O)NC(C(=O)NC(C(=O)NC(C(=O)NC(CSSCC(C(=O)NC(C(=O)NC(C(=O)NC(C(=O)NC(C(=O)NC(C(=O)NC(C(=O)N1)CCCCN)CC2=CNC3=CC=CC=C32)CC4=CC=CC=C4)CC5=CC=CC=C5)CC(=O)N)CCCCN)NC(=O)CNC(=O)C(C)NC(=O)C(CCCCN)NC(=O)C(CCCNC(=N)N)NC(=O)C(CCC(=O)O)NC(=O)C(CCCNC(=N)N)NC(=O)C6CCCN6C(=O)C(C)NC(=O)C(CCSC)NC(=O)C(C)NC(=O)C7CCCN7C(=O)C(CC(=O)N)NC(=O)C(CO)NC(=O)C(CC(=O)N)NC(=O)C(C)NC(=O)C(CO)N)C(=O)O)CO)C(C)O)CC8=CC=CC=C8)O,0.9590413923210936,1.1631141901016235,-1.9497026205062866,2.378906726837158
332,I3R9M8_wild,[O-]Cl(=O)=O,1.662757831681574,0.422843873500824,-0.4902380406856537,1.2985153198242188
333,A8CIU9_wild,CCCC(CO)O,2.3010299956639813,0.5201430320739746,1.3932132720947266,0.7464926242828369
334,A8CIU9_wild,C(C(CO)O)O,2.6334684555795866,0.6898415088653564,1.3602269887924194,0.5180521607398987
335,Q3S2I3_wild,C(C1C(C(C(C(O1)O)O)O)O)O,0.6998377258672457,1.1017175912857056,-0.6087646484375,0.7448211908340454
336,Q3S2I3_wild,C1=NC(=C2C(=N1)N(C=N2)C3C(C(C(O3)COP(=O)(O)OP(=O)(O)OP(=O)(O)O)O)O)N,0.5440680443502757,0.9739620089530945,-0.5848363637924194,1.2574442625045776
337,Q3S2I3_wild,C1C(C(C(C(O1)(CO)O)O)O)O,0.5774917998372253,0.5883582830429077,0.1186324954032898,0.6210567951202393
338,Q3S2I3_wild,C1=CN(C(=O)NC1=O)C2C(C(C(O2)COP(=O)(O)OP(=O)(O)OP(=O)(O)O)O)O,0.48000694295715063,1.207141399383545,-0.45484402775764465,0.9071147441864014
339,Q3S2I3_wild,C1=NC2=C(N1C3C(C(C(O3)COP(=O)(O)OP(=O)(O)OP(=O)(O)O)O)O)N=C(NC2=O)N,-0.07058107428570727,1.1073037385940552,-0.6308194398880005,1.113561749458313
340,Q3S2I3_wild,CC1=CN(C(=O)NC1=O)C2CC(C(O2)COP(=O)(O)OP(=O)(O)OP(=O)(O)O)O,0.15228834438305647,1.0656187534332275,-0.5566373467445374,1.037074089050293
341,Q3S2I3_wild,C1=CN(C(=O)N=C1N)C2C(C(C(O2)COP(=O)(O)OP(=O)(O)OP(=O)(O)O)O)O,0.20682587603184974,1.1486130952835083,-0.48497042059898376,1.002711534500122
342,P76422_wild,CC1=NC=C(C(=N1)N)CO,-0.5451551399914898,-0.9028716683387756,-1.1375950574874878,0.53781658411026
343,Q9X108_wild,C1=CC(=CC=C1C2(C(C(C(C(O2)COP(=O)(O)O)O)O)O)O)[N+](=O)[O-],0.2787536009528289,0.6785951256752014,-0.8761739730834961,1.1514989137649536
344,Q6QQP7_wild,C1C=CN(C=C1C(=O)N)C2C(C(C(O2)COP(=O)(O)OP(=O)(O)OCC3C(C(C(O3)N4C=NC5=C(N=CN=C54)N)OP(=O)(O)O)O)O)O,1.2695129442179163,1.2687503099441528,-1.4874759912490845,1.9822165966033936
345,Q3IG38_wild,C1C(C(C(C(O1)O)O)O)O,1.110589710299249,0.4421515464782715,1.181997299194336,0.125123992562294
346,A0A1D8PP43_wild,CC(=O)C(=O)[O-],2.230448921378274,1.6287624835968018,0.5213891267776489,1.0406384468078613
347,A0A1D8PP43_wild,CC(=O)C=O,1.2593549273080344,0.7957822680473328,0.7012096047401428,0.7680058479309082
348,P31513_wild,CCC1=NC=CC(=C1)C(=S)N,-0.0118871597316481,-0.9759988188743591,-0.4131309688091278,0.8115860223770142
349,P97501_wild,CCC1=NC=CC(=C1)C(=S)N,0.004321373782642578,-1.0671576261520386,-0.4424769878387451,0.7669742107391357
350,Q9R9Y8_wild,C1=CC(=C[N+](=C1)C2C(C(C(O2)COP(=O)([O-])OP(=O)(O)OCC3C(C(C(O3)N4C=NC5=C(N=CN=C54)N)O)O)O)O)C(=O)N,1.5634810853944108,1.1876527070999146,-0.7374991178512573,1.8665870428085327
351,Q9R9Y8_wild,C1=CC=C2C(C(C=CC2=C1)O)O,1.421603926869831,1.2740741968154907,-1.3171294927597046,2.0903029441833496
352,P0DW93_wild,CC1C(C(C(C(O1)OC2C(C(C(OC2OC3C(C(OC(C3O)CO)OC4C(C(OC(C4O)OC(C(CO)O)C(C(C=O)O)O)CO)O)NC(=O)C)CO)O)O)O)O)O,1.130333768495006,1.9005377292633057,-0.03993859887123108,0.801384449005127
353,A0A024QYS6_wild,CC(=O)NC1C(C(C(OC1OC2C(C(OC(C2O)OC3C(OC(C(C3O)O)O)CO)CO)O)CO)O)OC4C(C(C(C(O4)CO)O)O)O,2.450249108319361,2.070979118347168,-0.24567246437072754,1.1221977472305298
354,Q9BYF1_wild,CCC(C)C(C(=O)NC(CC1=CN=CN1)C(=O)N2CCCC2C(=O)NC(CC3=CC=CC=C3)C(=O)NC(CC4=CN=CN4)C(=O)NC(CC(C)C)C(=O)O)NC(=O)C(CC5=CC=C(C=C5)O)NC(=O)C(C(C)C)NC(=O)C(CCCN=C(N)N)NC(=O)C(CC(=O)O)N,0.3010299956639812,0.8254632353782654,-1.4995157718658447,1.746329426765442
355,Q9BYF1_wild,CCC(C)C(C(=O)NC(CC1=CN=CN1)C(=O)N2CCCC2C(=O)NC(CC3=CC=CC=C3)C(=O)O)NC(=O)C(CC4=CC=C(C=C4)O)NC(=O)C(C(C)C)NC(=O)C(CCCN=C(N)N)NC(=O)C(CC(=O)O)N,3.0453229787866576,0.8674874901771545,-1.350102424621582,1.7296466827392578
356,O54288_wild,C(C(C(CO)O)O)C(=O)C(=O)[O-],1.4502491083193612,0.4119356572628021,0.5762139558792114,0.3266018331050873
357,Q4JC35_V193A,CC(=O)C(=O)[O-],1.1760912590556813,1.0826014280319214,0.37324827909469604,0.555560827255249
358,Q4JC35_wild,CC(=O)C(=O)[O-],0.7403626894942439,1.1226739883422852,0.3412691056728363,0.5909977555274963
359,Q4JC35_wild,C(C(C=O)O)O,0.6434526764861874,0.924088716506958,0.8246686458587646,0.5944749116897583
360,Q4JC35_V193A,C(C(C=O)O)O,1.1958996524092338,0.8853306174278259,0.8413435816764832,0.5519585609436035
361,O54288_wild,C(C(C=O)O)O,0.7403626894942439,0.7200304865837097,0.894450306892395,0.22153016924858093
362,O54288_wild,CC(=O)C(=O)[O-],0.6627578316815741,0.948173999786377,0.5012035369873047,0.24549025297164917
363,O54288_T157C/Y132V,CC(=O)C(=O)[O-],-1.154901959985743,1.0108273029327393,0.47301730513572693,0.2613605558872223
364,O54288_T157C/Y132V,C(C(C=O)O)O,-1.154901959985743,0.8159728646278381,0.8711014986038208,0.2569686770439148
365,O54288_T157F/Y132V,CC(=O)C(=O)[O-],-1.1249387366083,0.9586170315742493,0.49616894125938416,0.25886788964271545
366,O54288_wild,C(C(C(COP(=O)(O)O)O)O)C(=O)C(=O)O,1.7916906490201179,0.1967877596616745,-0.3702608644962311,0.5879600644111633
367,Q5EEK1_Y317A,C1=CN(C(=O)NC1=O)C2C(C(C(O2)COP(=O)(O)OP(=O)(O)OC3C(C(C(O3)C(CO)O)O)O)O)O,-0.5228787452803376,-0.6542646288871765,-0.5825059413909912,0.46519380807876587
368,Q5EEK1_Q103A,C1=CN(C(=O)NC1=O)C2C(C(C(O2)COP(=O)(O)OP(=O)(O)OC3C(C(C(O3)C(CO)O)O)O)O)O,-0.8538719643217619,-0.3662072718143463,-0.6438592672348022,0.6806193590164185
369,Q5EEK1_Y100A,C1=CN(C(=O)NC1=O)C2C(C(C(O2)COP(=O)(O)OP(=O)(O)OC3C(C(C(O3)C(CO)O)O)O)O)O,-1.5228787452803376,-0.5329605937004089,-0.6180182695388794,0.5524624586105347
370,Q5EEK1_wild,C1=CN(C(=O)NC1=O)C2C(C(C(O2)COP(=O)(O)OP(=O)(O)OC3C(C(C(O3)C(CO)O)O)O)O)O,1.1271047983648077,-0.3757059574127197,-0.6404131650924683,0.6838458180427551
371,P52704_Y133F,C1=CC=C(C=C1)C(C[N+](=O)[O-])O,-0.5228787452803376,-0.18651874363422394,0.5570248365402222,-0.11262494325637817
372,P52704_L152F/V106F,C1=CC=C(C=C1)C(C#N)O,0.8450980400142568,0.09971477091312408,0.4060499966144562,0.9296156167984009
373,P52704_I209G,C1=CC=C(C=C1)C(C#N)O,0.47712125471966244,0.05919177457690239,0.3929908573627472,0.9165292978286743
374,P52704_V106F/L121Y/F125T,C1=CC=C(C=C1)C(C#N)O,1.9138138523837167,0.06988893449306488,0.4347776770591736,0.9176486730575562
375,P52704_F210I,C1=CC=C(C=C1)C(C#N)O,1.3222192947339193,0.03989137336611748,0.38843005895614624,0.9227910041809082
376,P52704_Y133F,C1=CC=C(C=C1)C(C#N)O,1.3424226808222062,0.05076469108462334,0.38850316405296326,0.9143692255020142
377,P52704_V106F/L121Y,C1=CC=C(C=C1)C(C#N)O,1.7403626894942439,0.07087112963199615,0.4187972843647003,0.9160943031311035
378,P52704_F125T,C1=CC=C(C=C1)C(C#N)O,1.8195439355418688,0.04683149978518486,0.4080169200897217,0.9076541066169739
379,P52704_L148F,C1=CC=C(C=C1)C(C#N)O,1.2304489213782739,0.02918184921145439,0.3779543340206146,0.9152766466140747
380,P52704_L146M,C1=CC=C(C=C1)C(C#N)O,1.3010299956639813,0.01985589787364006,0.37886694073677063,0.907728374004364
381,P52704_wild,C1=CC=C(C=C1)C(C#N)O,3.536053155159205,0.0369650237262249,0.3902449309825897,0.9032269716262817
382,P52704_wild,C1=CC=C(C=C1)C(C[N+](=O)[O-])O,-0.8239087409443188,-0.20354300737380981,0.5606706142425537,-0.12286978960037231
383,P52704_F125T,C1=CC=C(C=C1)C(C[N+](=O)[O-])O,-0.22184874961635637,-0.19049836695194244,0.5791966915130615,-0.11428278684616089
384,P52704_L121Y/F125T/L146M,C1=CC=C(C=C1)C(C#N)O,1.6532125137753437,0.010938417166471481,0.4083930253982544,0.9036691188812256
385,P52704_C81L,C1=CC=C(C=C1)C(C#N)O,1.5185139398778875,0.0557795874774456,0.3894343078136444,0.9139690399169922
386,P52704_L121Y/F125T,C1=CC=C(C=C1)C(C#N)O,1.6334684555795866,0.027788113802671432,0.42219093441963196,0.9001287221908569
387,P52704_F125T/Y133F,C1=CC=C(C=C1)C(C[N+](=O)[O-])O,-0.9208187539523752,-0.1721387356519699,0.57759690284729,-0.10278883576393127
388,P52704_I209A,C1=CC=C(C=C1)C(C#N)O,1.3617278360175928,0.05332190915942192,0.40878018736839294,0.8997197151184082
389,P52704_L121Y,C1=CC=C(C=C1)C(C#N)O,2.0253058652647704,0.025221388787031174,0.4061487913131714,0.9007450342178345
390,P52705_wild,C1=CC=C(C=C1)C2=CC=C(C=C2)C=O,0.9637878273455552,-0.5008258819580078,0.5040213465690613,0.9148827195167542
391,P52705_wild,C1=CSC(=C1)C=O,2.0,0.23054225742816925,1.4087507724761963,0.2926993668079376
392,P52705_H103L,C1=CC=C(C=C1)C(C#N)O,1.3324384599156054,-0.12069414556026459,0.3801509439945221,0.8941020965576172
393,P52705_H103M,C1=CC=C(C=C1)C(C#N)O,1.3783979009481377,-0.1521977186203003,0.36306360363960266,0.8967305421829224
394,P52705_K176P,C1=CC=C(C=C1)C(C#N)O,1.6211762817750353,-0.12455587089061737,0.3467446565628052,0.9831056594848633
395,P52705_H103Y,C1=CC=C(C=C1)C=O,1.675778341674085,-0.016278672963380814,1.326250672340393,0.5166905522346497
396,P52705_wild,C1=CC=C(C=C1)C(C#N)O,1.5378190950732742,-0.14763802289962769,0.35500088334083557,0.9432810544967651
397,P52705_K176P/K199P/K224P,C1=CC=C(C=C1)C=O,1.9708116108725178,-0.03221641853451729,1.3268318176269531,0.6049010753631592
398,P52705_K176P,C1=CC=C(C=C1)C=O,1.920123326290724,-0.09245188534259796,1.321955680847168,0.5720993876457214
399,P52705_K176P/K199P/K224P,C1=CC=C(C=C1)C(C#N)O,1.5987905067631152,-0.0266488678753376,0.3331281840801239,1.0396478176116943
400,P52705_wild,C1=CC=C(C=C1)C=O,1.9849771264154934,-0.07334351539611816,1.3229604959487915,0.5420646071434021
401,P52705_H103L,C1=CC=C(C=C1)C=O,1.9561684304753633,-0.025481361895799637,1.3427914381027222,0.5178778171539307
402,P52705_H103M,C1=CC=C(C=C1)C=O,1.9827233876685453,-0.04591940715909004,1.3183847665786743,0.5175391435623169
403,D1MX73_H103C/N156G,C1=CC=C(C=C1)C(C#N)O,2.0863598306747484,0.3515489995479584,0.4336393177509308,0.9973522424697876
404,D1MX73_wild,CC1=CC(=CC=C1)C=O,1.6919651027673603,0.0437469445168972,1.3446458578109741,0.3684106171131134
405,D1MX73_wild,C1=CC=C(C=C1)C=O,1.424881636631067,0.25924739241600037,1.5093538761138916,0.566622257232666
406,D1MX73_wild,CC1=CC=CC=C1C=O,1.72916478969277,0.23174597322940826,1.1318269968032837,0.38894370198249817
407,D1MX73_H103C/N156D,C1=CC=C(C=C1)C(C#N)O,1.944975908412048,0.32280081510543823,0.4410783350467682,0.9885327816009521
408,D1MX73_wild,CC1=CC(=C(C=C1)C=O)C,1.2671717284030137,-0.010259207338094711,0.8533461093902588,0.29155558347702026
409,D1MX73_wild,C1=CSC(=C1)C=O,1.4983105537896004,0.5552548170089722,1.6161489486694336,0.31861743330955505
410,D1MX73_wild,C1OC2=C(O1)C=C(C=C2)C=O,1.9609461957338314,0.43860888481140137,1.0726524591445923,0.7138766050338745
411,D1MX73_wild,COC1=CC=CC(=C1)C=O,1.44870631990508,0.31864964962005615,0.6685835719108582,0.5949453711509705
412,D1MX73_H103C,C1=CC=C(C=C1)C(C#N)O,1.7234556720351857,0.3580498993396759,0.4436228573322296,0.9986850023269653
413,Q2XSC4_wild,CC(=CCCC(=CCCC(=CCOP(=O)(O)OP(=O)(O)O)C)C)C,-1.4814860601221125,-1.3815046548843384,-2.1513473987579346,0.6865067481994629
414,P37564_wild,C1=NC(=C2C(=N1)N(C=N2)C3C(C(C(O3)COP(=O)(O)OP(=O)(O)OP(=O)(O)O)O)O)N,0.32633586092875144,1.0680111646652222,-0.4105340242385864,1.7862043380737305
415,P37564_wild,CC(C)(CO)C(C(=O)NCCC(=O)O)O,0.32633586092875144,1.120774745941162,-1.1756675243377686,1.6660219430923462
416,A0A0H3LKK8_wild,C(=CC(=O)O)C(=O)N,1.0681858617461617,2.2515342235565186,-0.019883539527654648,1.5562927722930908
417,P48421_wild,C1=CC=C(C=C1)CC=NO,-0.37675070960209955,-0.21591828763484955,-1.1665207147598267,1.32627534866333
418,P48421_wild,C1=CC=C2C(=C1)C(=CN2)CC=NO,0.3679767232525212,-0.21598313748836517,-1.2694064378738403,1.1575733423233032
419,P48421_wild,C1=CC(=CC=C1CC=NO)O,-0.36653154442041347,-0.48834437131881714,-1.062065839767456,0.7270141839981079
420,Q84VZ1_wild,C(C(C(C(COP(=O)(O)O)O)O)O)NC1=C(C(=O)NC(=O)N1)N,0.4471580313422192,0.24303902685642242,-1.068536639213562,1.2951116561889648
421,Q84VZ1_wild,CC1=CC2=C(C=C1C)N(C3=NC(=O)NC(=O)C3=N2)CC(C(C(COP(=O)(O)O)O)O)O,-0.22914798835785583,0.20111852884292603,-1.441902995109558,1.17320716381073
422,P38032_wild,C(=CC(=O)[O-])C(=O)[O-],-0.3010299956639812,0.5052369832992554,-0.15650030970573425,0.6818773746490479
423,P38032_wild,C(C(C(=O)O)N)C(=O)O,-0.744727494896694,0.1816556751728058,0.39122113585472107,0.48832839727401733
424,O32085_wild,C(C(C(=O)O)N)S,-0.4089353929735008,-0.45903679728507996,-0.03877834603190422,0.653041660785675
425,Q5FZI9_R291K/A296V/A301S/K303R,C12=C(NC(=O)N1)NC(=O)NC2=O,1.2253092817258628,0.5837726593017578,-1.6841224431991577,2.2895941734313965
426,Q5FZI9_H245L/E252A/M253I/R291K/A296V/A301S/K303R,C12=C(NC(=O)N1)NC(=O)NC2=O,1.1903316981702914,0.623591423034668,-1.7239714860916138,2.360325574874878
427,Q5FZI9_A296V,C12=C(NC(=O)N1)NC(=O)NC2=O,1.2068258760318498,0.5896827578544617,-1.6549862623214722,2.260232925415039
428,Q5FZI9_wild,C12=C(NC(=O)N1)NC(=O)NC2=O,1.1335389083702174,0.5877034664154053,-1.6526376008987427,2.2492313385009766
429,Q8L1B1_wild,CCC(C)C(C(=O)O)N,0.6655809910179531,-0.2162214070558548,-1.361305832862854,1.154011607170105
430,P00371_wild,CC(C(=O)O)N,1.1038037209559568,0.778563916683197,0.9271242022514343,0.49607887864112854
431,P14920_wild,C(C(C(=O)O)N)O,0.9344984512435677,0.1822352558374405,1.0164960622787476,0.34804993867874146
432,P14920_wild,CC(C(=O)O)N,1.167317334748176,0.8069080114364624,0.9181569218635559,0.5484546422958374
433,Q99042_wild,CC(C(=O)O)N,1.9777236052888478,0.7738445401191711,0.8274441361427307,0.6152178645133972
434,Q6TGN2_wild,CC(C(=O)O)N,2.278753600952829,0.7893621325492859,0.6400125026702881,0.7484093308448792
435,Q6R4Q9_F54S,CC(=O)OCC1=C(N2C(C(C2=O)NC(=O)CCCC(C(=O)O)N)SC1)C(=O)O,1.2219355998280055,0.8149499893188477,0.45425257086753845,0.9428538084030151
436,Q6R4Q9_F54A,CC(=O)OCC1=C(N2C(C(C2=O)NC(=O)CCCC(C(=O)O)N)SC1)C(=O)O,1.2631624649622166,0.8122614026069641,0.44871553778648376,0.9388470649719238
437,Q6R4Q9_wild,CC(=O)OCC1=C(N2C(C(C2=O)NC(=O)CCCC(C(=O)O)N)SC1)C(=O)O,0.7900739484263047,0.7807411551475525,0.43143513798713684,0.9413719177246094
438,Q6R4Q9_F54Y,CC(=O)OCC1=C(N2C(C(C2=O)NC(=O)CCCC(C(=O)O)N)SC1)C(=O)O,1.5643109099606027,0.7898080945014954,0.4408658444881439,0.9336082935333252
439,Q6TGN2_wild,C1CC(NC1)C(=O)O,2.1522883443830567,1.0691958665847778,0.796086847782135,0.8009721040725708
440,Q6TGN2_wild,C1=CC(=CC=C1CC(C(=O)O)N)O,2.0681858617461617,0.15901584923267365,-0.06424649059772491,1.0302648544311523
441,Q6TGN2_wild,CC(C)CC(C(=O)O)N,2.0644579892269186,0.7449135184288025,0.12407732009887695,1.2225621938705444
442,Q6TGN2_wild,CC(C)C(C(=O)O)N,2.230448921378274,0.7251700162887573,0.39454275369644165,0.9034104347229004
443,Q6TGN2_wild,CCC(C)C(C(=O)O)N,1.884795363948981,0.7998374104499817,0.04479879513382912,1.0194578170776367
444,Q6TGN2_wild,C1=CC=C(C=C1)CC(C(=O)O)N,2.0755469613925306,1.0425702333450317,0.2450752556324005,1.1323777437210083
445,Q6TGN2_wild,C(C(C(=O)O)N)O,1.5378190950732742,0.26180386543273926,0.7186572551727295,0.49904459714889526
446,Q6TGN2_wild,C(CCN)CC(C(=O)O)N,1.6263403673750423,0.6944778561592102,0.38490059971809387,0.8909437656402588
447,P00371_I230A/R283G,C1=CC=C(C=C1)C(C2=CC=CC=C2)N,0.5185139398778875,-0.5825788974761963,0.26069197058677673,0.4546930491924286
448,P00371_R283G,CC(C1=CC=CC=C1)N,0.1643528557844371,-1.0020891427993774,0.9282400012016296,-0.11009600758552551
449,P00371_I230F/R283G,CC(C1=CC=CC=C1)N,-1.3279021420642825,-0.9895135760307312,0.9343339204788208,-0.12391701340675354
450,P00371_I230C/R283G,C1=CC=C(C=C1)C(C2=CC=CC=C2)N,0.534026106056135,-0.5853301882743835,0.2528669238090515,0.4520048201084137
451,P00371_Y228L,C1=CC=C(C=C1)CC(C(=O)O)N,0.23552844690754893,0.7650176882743835,0.5711346864700317,0.7001003623008728
452,P00371_Y228L/R283G,CC(C1=CC=CC=C1)N,1.9444826721501687,-1.1219836473464966,0.9532983303070068,-0.22596701979637146
453,P00371_wild,C1=CC=C(C=C1)CC(C(=O)O)N,1.7474118078864234,0.9817449450492859,0.5592295527458191,0.8579955697059631
454,P00371_I230F/R283G,C1=CC=C(C=C1)C(C2=CC=CC=C2)N,-0.43651891460558934,-0.5426210761070251,0.2609255909919739,0.46525222063064575
455,P00371_I230C/R283G,CC(C1=CC=CC=C1)N,-0.9546770212133425,-1.0340324640274048,0.9172666668891907,-0.14039665460586548
456,P00371_I230A/R283G,CC(C1=CC=CC=C1)N,-0.45717457304082015,-1.027504801750183,0.9267265796661377,-0.13205194473266602
457,P14920_P219L,C(C(C(=O)O)N)O,0.7839035792727349,0.17806999385356903,1.0113645792007446,0.3458734154701233
458,P14920_wild,C(C(C(=O)O)N)S,0.9344984512435677,0.20805931091308594,0.6873877048492432,0.7351647019386292
459,P14920_R120L,C(C(C(=O)O)N)S,1.0530784434834197,0.21604560315608978,0.7068238854408264,0.7170215249061584
460,P14920_wild,C1C(C(=O)NO1)N,-0.11350927482751812,1.03938627243042,1.3371150493621826,0.44274014234542847
461,P14920_R120L,CC(C(=O)O)N,1.2380461031287955,0.7927102446556091,0.9350968599319458,0.5145773887634277
462,P14920_R120E,CC(C(=O)O)N,1.100370545117563,0.8239549994468689,0.9260812401771545,0.5424089431762695
463,P14920_R120L,C(C(C(=O)O)N)O,1.1931245983544616,0.20882029831409454,1.0262333154678345,0.3281202018260956
464,P14920_P219L,CC(C(=O)O)N,0.919078092376074,0.7971773147583008,0.9211376309394836,0.543900728225708
465,P14920_R120E,C(C(C(=O)O)N)S,0.9294189257142927,0.23124082386493683,0.7015715837478638,0.7309930324554443
466,P14920_wild,C1=CC=C(C=C1)CC(C(=O)O)N,1.1903316981702914,0.9846996068954468,0.6018961668014526,0.8949604034423828
467,P14920_wild,C1=CC=C(C(=C1)C(=O)CC(C(=O)O)N)N,-1.0457574905606752,0.77935791015625,-0.012035217136144638,0.8144216537475586
468,P14920_wild,C1=CC(=C(C=C1CC(C(=O)O)N)O)O,1.6074550232146685,0.40543726086616516,0.11113587021827698,0.782489538192749
469,P14920_R120E,C(C(C(=O)O)N)O,0.9956351945975499,0.22333846986293793,1.0292774438858032,0.3425716459751129
470,P14920_wild,C1=CC(=CC=C1CC(C(=O)O)N)O,1.1712386586669925,0.045510049909353256,0.30331048369407654,0.7985372543334961
471,P14920_P219L,C1CC(NC1)C(=O)O,1.4702634469650784,0.8139607906341553,0.9298464059829712,0.6455017328262329
472,P14920_wild,C1CC(NC1)C(=O)O,1.4243915544102776,0.8304815888404846,0.9356985092163086,0.6523029804229736
473,A0A499UB99_wild,CSCCC(C(=O)O)N,2.0791812460476247,1.3611644506454468,0.38910242915153503,1.3740801811218262
474,A0A499UB99_wild,C(CC(C(=O)O)N)CN=C(N)N,1.658964842664435,0.6359984874725342,0.6529296636581421,0.7489356398582458
475,A0A499UB99_wild,CC(C)C(C(=O)O)N,2.3521825181113627,0.830504298210144,0.4344938099384308,0.8917815685272217
476,A0A499UB99_wild,CC(C(=O)O)N,2.2764618041732443,0.780992865562439,0.6584434509277344,0.7250998020172119
477,A0A499UB99_wild,C(CC(=O)O)C(C(=O)O)N,1.9576072870600953,1.038097620010376,0.9378650188446045,0.8074935674667358
478,A0A068L7N8_wild,CC(=CCCC(=CCOP(=O)(O)OP(=O)(O)O)C)C,0.17318626841227405,-0.8849990367889404,-1.7427512407302856,0.6369966268539429
479,Q6GEY3_wild,CC1=C(SC=N1)CCO,0.35793484700045375,0.16128021478652954,-1.4702962636947632,1.119293212890625
480,Q9T0I8_wild,CSCC1C(C(C(O1)N2C=NC3=C(N=CN=C32)N)O)O,1.271841606536499,0.2576403021812439,-1.8302122354507446,2.330549478530884
481,Q7XA67_wild,CSCC1C(C(C(O1)N2C=NC3=C(N=CN=C32)N)O)O,0.3010299956639812,-0.04189205542206764,-1.856788992881775,2.1927683353424072
482,O06401_wild,[O-]P(=O)([O-])[O-],-0.585026652029182,0.5485292077064514,-0.2477339804172516,0.3969079554080963
483,O06401_wild,CSCC1C(C(C(O1)N2C=NC3=C(N=CN=C32)N)O)O,-0.3979400086720376,0.07351520657539368,-2.0536415576934814,1.3846752643585205
484,P09917_wild,CCCCCC=CCC=CCC=CCC=CCCCC(=O)O,-1.2218487496163564,1.3786195516586304,-1.677282452583313,1.9389554262161255
485,A0A060PQX5_wild,CCCCCCC(C(=O)O)N,1.9084850188786497,1.4212005138397217,-0.23728036880493164,1.872147560119629
486,A0A060PQX5_wild,CC(C)CC(C(=O)O)N,2.041392685158225,2.0977845191955566,0.10189163684844971,1.7413127422332764
487,A0A060PQX5_wild,CCCC(=O)C(=O)O,2.278753600952829,1.4712616205215454,-0.24592438340187073,1.7595505714416504
488,A0A060PQX5_wild,C(CC(=O)O)C(C(=O)O)N,2.1760912590556813,1.9258519411087036,0.6450966000556946,1.5525484085083008
489,A0A060PQX5_wild,CCC(C)C(=O)C(=O)O,2.5563025007672873,1.9237589836120605,-0.36002781987190247,2.141780138015747
490,A0A060PQX5_wild,C(CC(=O)O)C(=O)C(=O)O,2.845098040014257,1.8666685819625854,-0.10179764032363892,1.750813603401184
491,A0A060PQX5_wild,CCC(=O)C(=O)[O-],2.3979400086720375,1.528281569480896,-0.1502292901277542,1.7025783061981201
492,A0A060PQX5_wild,CC(C)C(=O)C(=O)O,2.4313637641589874,2.0383522510528564,-0.23468750715255737,1.7153269052505493
493,A0A060PQX5_wild,CC(C)CC(=O)C(=O)O,2.4313637641589874,1.8686977624893188,-0.4881913363933563,1.9060229063034058
494,A0A060PQX5_wild,CCC(C)C(C(=O)O)N,1.7075701760979363,1.9453197717666626,0.07391592860221863,1.7585395574569702
495,A0A060PQX5_wild,C1=CC=C(C=C1)CC(=O)C(=O)O,1.7160033436347992,1.7093943357467651,-0.0371965728700161,1.7531013488769531
496,A0A060PQX5_wild,CC(C)C(C(=O)O)N,1.4913616938342726,2.0207114219665527,0.40243956446647644,1.439963698387146
497,A0A060PQX5_wild,CCCC(C(=O)O)N,1.9344984512435677,1.611172080039978,0.3662114441394806,1.6758378744125366
498,A0A060PQX5_wild,CCCCC(C(=O)O)N,2.414973347970818,1.723395586013794,0.2951250374317169,1.761475682258606
499,A0A060PQX5_wild,C1=CC=C(C=C1)CC(C(=O)O)N,1.9030899869919435,1.7791767120361328,0.3731912672519684,1.7267286777496338
500,A0A060PQX5_wild,CCCCC(=O)C(=O)[O-],1.9590413923210936,1.5141850709915161,-0.18305090069770813,1.701555848121643
501,Q40577_Y520F,CC(=CCCC(=CCCC(=CCOP(=O)(O)OP(=O)(O)O)C)C)C,-2.3010299956639813,-1.587957501411438,-2.143264055252075,0.5959041118621826
502,Q40577_wild,CC(=CCCC(=CCCC(=CCOP(=O)(O)OP(=O)(O)O)C)C)C,-1.3187587626244128,-1.594164490699768,-2.148900270462036,0.593206524848938
503,A5X300_S627N,CC(=O)C(=O)[O-],0.6627578316815741,0.33575332164764404,0.06813636422157288,0.5619180798530579
504,A5X300_wild,CC(=O)C(=O)[O-],0.9444826721501687,0.3290088176727295,0.06956234574317932,0.5591305494308472
505,P9WG41_wild,CC(=O)C(=O)[O-],0.505149978319906,0.27295124530792236,0.04429042711853981,0.5852170586585999
506,Q9WZ18_wild,CC(=O)C(=O)[O-],1.9912260756924949,0.4032173156738281,-0.12737855315208435,0.6997458338737488
507,P9WG41_H84T,CC(=O)C(=O)[O-],-0.6736641390712486,0.2435956746339798,0.08084143698215485,0.5518051385879517
508,P9WG41_H84A,CC(=O)C(=O)[O-],-1.3010299956639813,0.2423238903284073,0.08579733967781067,0.5436079502105713
509,P9WG41_E85Q,CC(=O)C(=O)[O-],-1.4156687756324693,0.12117195129394531,0.08414816856384277,0.4866653382778168
510,P9WG41_E85D,CC(=O)C(=O)[O-],-1.1475200063631437,0.1993967592716217,0.08992740511894226,0.5185538530349731
511,Q46893_R109A,C1=CN(C(=O)N=C1N)C2C(C(C(O2)COP(=O)(O)OP(=O)(O)OP(=O)(O)O)O)O,-0.585026652029182,0.17448043823242188,0.042327214032411575,0.9882290363311768
512,Q46893_R109A,CC(CO)(C(COP(=O)(O)O)O)O,-0.3979400086720376,0.3111059069633484,0.5293400287628174,0.7294530868530273
513,Q46893_wild,C1=CN(C(=O)N=C1N)C2C(C(C(O2)COP(=O)(O)OP(=O)(O)OP(=O)(O)O)O)O,1.9003671286564703,0.50968337059021,-0.08797797560691833,1.297170877456665
514,Q46893_D106E,CC(CO)(C(COP(=O)(O)O)O)O,-0.045757490560675115,0.3306739926338196,0.49677345156669617,0.7240153551101685
515,Q46893_K27S,C1=CN(C(=O)N=C1N)C2C(C(C(O2)COP(=O)(O)OP(=O)(O)OP(=O)(O)O)O)O,0.31175386105575426,0.1296149045228958,0.028841573745012283,0.9467509388923645
516,Q46893_T140V,CC(CO)(C(COP(=O)(O)O)O)O,0.6020599913279624,0.5454345345497131,0.4443034827709198,0.8955244421958923
517,Q46893_K27S,CC(CO)(C(COP(=O)(O)O)O)O,-0.12493873660829995,0.2802146375179291,0.5018609762191772,0.7164837718009949
518,Q46893_T140V,C1=CN(C(=O)N=C1N)C2C(C(C(O2)COP(=O)(O)OP(=O)(O)OP(=O)(O)O)O)O,0.25527250510330607,0.4242473244667053,-0.028502177447080612,1.2000887393951416
519,Q46893_R19K,CC(CO)(C(COP(=O)(O)O)O)O,1.6739419986340878,0.6399878859519958,0.3534495532512665,0.9812486171722412
520,Q46893_R19K,C1=CN(C(=O)N=C1N)C2C(C(C(O2)COP(=O)(O)OP(=O)(O)OP(=O)(O)O)O)O,1.6665179805548809,0.4991782605648041,-0.11173805594444275,1.279451847076416
521,Q46893_R20K,C1=CN(C(=O)N=C1N)C2C(C(C(O2)COP(=O)(O)OP(=O)(O)OP(=O)(O)O)O)O,1.72916478969277,0.480190634727478,-0.08247187733650208,1.2781097888946533
522,Q46893_D106E,C1=CN(C(=O)N=C1N)C2C(C(C(O2)COP(=O)(O)OP(=O)(O)OP(=O)(O)O)O)O,-0.03151705144606486,0.14592678844928741,-0.009178545325994492,0.9515045285224915
523,Q46893_R20K,CC(CO)(C(COP(=O)(O)O)O)O,1.3304137733491908,0.5982661843299866,0.3929084241390228,0.9718598127365112
524,Q46893_wild,CC(CO)(C(COP(=O)(O)O)O)O,1.6848453616444126,0.6287614703178406,0.3778298497200012,0.9811608791351318
525,Q46893_R20A,CC(CO)(C(COP(=O)(O)O)O)O,1.7218106152125467,0.44170257449150085,0.46771737933158875,0.8665649890899658
526,Q46893_R20A,C1=CN(C(=O)N=C1N)C2C(C(C(O2)COP(=O)(O)OP(=O)(O)OP(=O)(O)O)O)O,1.60422605308447,0.3215620517730713,-0.009582620114088058,1.1568026542663574
527,Q46893_R19A,C1=CN(C(=O)N=C1N)C2C(C(C(O2)COP(=O)(O)OP(=O)(O)OP(=O)(O)O)O)O,1.4393326938302626,0.5108287930488586,-0.07199281454086304,1.2865395545959473
528,Q46893_R19A,CC(CO)(C(COP(=O)(O)O)O)O,1.5658478186735176,0.6165347099304199,0.3948557674884796,0.9737875461578369
529,Q9AE70_Q91A,CC(CC(=O)O)O,3.143014800254095,0.6824395060539246,1.2035250663757324,0.9539951682090759
530,Q9AE70_H141A,CC(CC(=O)O)O,2.2227164711475833,0.6881720423698425,1.250510334968567,0.8894635438919067
531,Q9AE70_Q193A,CC(CC(=O)O)O,2.5224442335063197,0.8122391700744629,1.2091680765151978,0.9949930906295776
532,Q9AE70_wild,CC(CC(=O)O)O,3.1405080430381798,0.868861973285675,1.1806432008743286,1.0222358703613281
533,Q9AE70_K149R,CC(CC(=O)O)O,2.606381365110605,0.9532827734947205,1.1932862997055054,1.0457262992858887
534,Q2PEN2_wild,CC(=O)CC(=O)[O-],2.041392685158225,0.7558523416519165,-0.44846096634864807,0.9671987295150757
535,Q2PEN2_wild,C1C=CN(C=C1C(=O)N)C2C(C(C(O2)COP(=O)(O)OP(=O)(O)OCC3C(C(C(O3)N4C=NC5=C(N=CN=C54)N)O)O)O)O,1.7634279935629373,0.5530686974525452,-1.2176642417907715,1.711296558380127
536,Q2PEN2_wild,CC(CC(=O)O)O,2.4913616938342726,-0.15766705572605133,0.2268454134464264,0.8346114158630371
537,Q2PEN2_wild,C1=CC(=C[N+](=C1)C2C(C(C(O2)COP(=O)([O-])OP(=O)(O)OCC3C(C(C(O3)N4C=NC5=C(N=CN=C54)N)O)O)O)O)C(=O)N,2.5314789170422554,0.4540521204471588,-0.8543721437454224,1.291595220565796
538,Q2PEN2_wild,CC(CC(=O)[O-])O,2.4913616938342726,0.25553709268569946,0.03630620613694191,0.768791913986206
539,Q5KST5_W187F,CC(CC(=O)[O-])O,2.4913616938342726,1.2923661470413208,1.049598217010498,0.7408503890037537
540,Q5KST5_wild,CC(=O)CC(=O)[O-],2.0791812460476247,1.8286436796188354,0.3972192704677582,1.0245232582092285
541,Q5KST5_K152R,CC(CC(=O)[O-])O,2.041392685158225,1.422756552696228,1.0432034730911255,0.7569109797477722
542,Q5KST5_H144A,CC(CC(=O)[O-])O,1.3222192947339193,1.1218887567520142,1.1909304857254028,0.4831046462059021
543,Q5KST5_Q196N/T190A,CC(CC(=O)[O-])O,1.3424226808222062,0.9784430861473083,1.1095105409622192,0.48640984296798706
544,Q5KST5_L215A,CC(CC(=O)[O-])O,1.845098040014257,1.3242169618606567,1.056148886680603,0.7288458943367004
545,Q5KST5_L215A,CC(=O)CC(=O)[O-],1.4771212547196624,1.8065322637557983,0.4101950526237488,0.9997967481613159
546,Q5KST5_W187T,CC(CC(=O)[O-])O,0.8573324964312685,1.2125554084777832,1.1171029806137085,0.5839099884033203
547,Q5KST5_T190S,CC(=O)CC(=O)[O-],2.0969100130080562,1.8033511638641357,0.4148513972759247,0.9803162813186646
548,Q5KST5_W257Y,CC(CC(=O)[O-])O,1.0791812460476249,1.3171141147613525,1.04976487159729,0.7258095741271973
549,Q5KST5_W187A,CC(CC(=O)[O-])O,1.462397997898956,1.1470738649368286,1.186218500137329,0.49580901861190796
550,Q5KST5_T190A,CC(=O)CC(=O)[O-],0.6532125137753437,1.4908835887908936,0.46585771441459656,0.7128075361251831
551,Q5KST5_T190C,CC(CC(=O)[O-])O,0.785329835010767,1.2055721282958984,1.0994867086410522,0.543330729007721
552,Q5KST5_Q94A,CC(CC(=O)[O-])O,2.146128035678238,1.2621389627456665,1.04448401927948,0.6925061941146851
553,Q5KST5_L215V,CC(=O)CC(=O)[O-],1.9395192526186185,1.8113267421722412,0.3918314278125763,1.0220537185668945
554,Q5KST5_Q196E,CC(CC(=O)[O-])O,1.919078092376074,1.2121292352676392,1.159033179283142,0.6012930870056152
555,Q5KST5_T190C,CC(=O)CC(=O)[O-],0.7075701760979364,1.6749812364578247,0.4276582598686218,0.7816535234451294
556,Q5KST5_W257A,CC(CC(=O)[O-])O,0.8260748027008264,1.2333439588546753,1.094472050666809,0.6321244835853577
557,Q5KST5_Q196A,CC(CC(=O)[O-])O,1.99563519459755,1.3061186075210571,1.059288501739502,0.6954449415206909
558,Q5KST5_wild,CC(CC(=O)[O-])O,2.568201724066995,1.3390018939971924,1.0433521270751953,0.7584823369979858
559,Q5KST5_W257F,CC(CC(=O)[O-])O,1.9444826721501687,1.3137105703353882,1.0516325235366821,0.721742570400238
560,Q5KST5_L215V,CC(CC(=O)[O-])O,2.6384892569546374,1.3231041431427002,1.034541130065918,0.7552558183670044
561,Q5KST5_T190S,CC(CC(=O)[O-])O,2.848189116991399,1.3117831945419312,1.0574597120285034,0.7178211808204651
562,A8R3J3_wild,CC(CC(=O)[O-])O,2.6989700043360187,1.1455715894699097,0.7416144609451294,1.01273512840271
563,A8R3J3_wild,CC(=O)CC(=O)[O-],2.1760912590556813,1.7943981885910034,0.13689790666103363,1.2912657260894775
564,A8R3J3_wild,C1=CC(=C[N+](=C1)C2C(C(C(O2)COP(=O)([O-])OP(=O)(O)OCC3C(C(C(O3)N4C=NC5=C(N=CN=C54)N)O)O)O)O)C(=O)N,2.5563025007672873,1.705076813697815,-0.5211654305458069,2.0741238594055176
565,A8R3J3_wild,C1C=CN(C=C1C(=O)N)C2C(C(C(O2)COP(=O)(O)OP(=O)(O)OCC3C(C(C(O3)N4C=NC5=C(N=CN=C54)N)O)O)O)O,2.8692317197309762,1.6558935642242432,-0.9567242860794067,2.3958592414855957
566,D0VWQ0_H144L,CC(=O)CCC(=O)O,-1.1808510571928659,1.300155520439148,0.7443774938583374,-0.8327178359031677
567,D0VWQ0_H144L/W187V,CC(=O)CCC(=O)O,-2.6989700043360187,1.176775336265564,0.8294874429702759,-1.006164312362671
568,D0VWQ0_wild,CC(=O)CC(=O)[O-],1.987487506133093,1.7535250186920166,0.4430478513240814,0.7383415699005127
569,D0VWQ0_wild,CC(=O)CCC(=O)O,-2.114638779968488,1.543587565422058,0.7115938663482666,-0.644166111946106
570,D0VWQ0_H144L/W187F,CC(=O)CCC(=O)O,-0.5909126305521649,1.3043702840805054,0.7627429366111755,-0.8422866463661194
571,D0VWQ0_W187A,CC(=O)CCC(=O)O,-3.7958800173440754,1.407275915145874,0.8230006694793701,-0.8776593208312988
572,D0VWQ0_H144A,CC(=O)CCC(=O)O,-3.0757207139381184,1.354413390159607,0.7480355501174927,-0.8442791700363159
573,D0VWQ0_W187F,CC(=O)CCC(=O)O,-1.5273898024039554,1.5325978994369507,0.7231534719467163,-0.6533145904541016
574,D0VWQ0_H144L/W187A,CC(=O)CCC(=O)O,-2.9136401693252516,1.1971410512924194,0.8520908951759338,-1.022168755531311
575,D0VWQ0_H144V,CC(=O)CCC(=O)O,-2.115771230367396,1.3471828699111938,0.7405595779418945,-0.8272292017936707
576,D0VWQ0_H144F,CC(=O)CCC(=O)O,-2.0357403698031513,1.3052518367767334,0.726767897605896,-0.8222772479057312
577,D0VWQ0_H144I,CC(=O)CCC(=O)O,-1.971022294791222,1.3420945405960083,0.7253371477127075,-0.8147424459457397
578,D0VWQ0_W187L,CC(=O)CCC(=O)O,-2.332547047110046,1.4161444902420044,0.7853538393974304,-0.8202530145645142
579,D0VWQ0_H144L/W187I,CC(=O)CCC(=O)O,-2.5391021572434522,1.2220474481582642,0.8122376203536987,-0.9632492065429688
580,D0VWQ0_H144L/W187L,CC(=O)CCC(=O)O,-1.1483136845575725,1.1875146627426147,0.8139021396636963,-0.9801639318466187
581,P0AEZ1_E28Q,C1C=CN(C=C1C(=O)N)C2C(C(C(O2)COP(=O)(O)OP(=O)(O)OCC3C(C(C(O3)N4C=NC5=C(N=CN=C54)N)O)O)O)O,-0.6989700043360187,0.5312536954879761,-1.1016895771026611,1.394726276397705
582,P0AEZ1_Q183E,C1C=CN(C=C1C(=O)N)C2C(C(C(O2)COP(=O)(O)OP(=O)(O)OCC3C(C(C(O3)N4C=NC5=C(N=CN=C54)N)O)O)O)O,0.43136376415898736,0.8044718503952026,-1.1511439085006714,1.7052626609802246
583,P0AEZ1_wild,CC1=CC(=O)C2=CC=CC=C2C1=O,1.7403626894942439,0.4322466552257538,-1.7175079584121704,2.55070424079895
584,P0AEZ1_D120N,C1C=CN(C=C1C(=O)N)C2C(C(C(O2)COP(=O)(O)OP(=O)(O)OCC3C(C(C(O3)N4C=NC5=C(N=CN=C54)N)O)O)O)O,1.7323937598229686,0.9629787802696228,-1.159875512123108,1.8828094005584717
585,P0AEZ1_Q183A,C1C=CN(C=C1C(=O)N)C2C(C(C(O2)COP(=O)(O)OP(=O)(O)OCC3C(C(C(O3)N4C=NC5=C(N=CN=C54)N)O)O)O)O,-0.5376020021010439,0.6774848103523254,-1.0937883853912354,1.5501892566680908
586,P0AEZ1_E28Q,CC1=CC(=O)C2=CC=CC=C2C1=O,-3.6989700043360187,-0.06689782440662384,-1.5668195486068726,1.9459868669509888
587,P0AEZ1_D120N,CC1=CC(=O)C2=CC=CC=C2C1=O,1.7323937598229686,0.2747383415699005,-1.663155198097229,2.4132742881774902
588,P0AEZ1_A177V,C1C=CN(C=C1C(=O)N)C2C(C(C(O2)COP(=O)(O)OP(=O)(O)OCC3C(C(C(O3)N4C=NC5=C(N=CN=C54)N)O)O)O)O,1.426023015689876,1.050120234489441,-1.2371257543563843,1.9864325523376465
589,Q4DSA0_R144A,C(CC(=O)O)C(C(=O)O)N=CN,0.505149978319906,1.0814564228057861,1.2368191480636597,0.4018617570400238
590,Q4DSA0_R144E,C(CC(=O)O)C(C(=O)O)N=CN,-1.3010299956639813,1.066130518913269,1.2437617778778076,0.38341617584228516
591,Q4DSA0_R144K,C(CC(=O)O)C(C(=O)O)N=CN,2.278753600952829,1.0798908472061157,1.2193995714187622,0.41485369205474854
592,Q4DSA0_wild,C(CC(=O)O)C(C(=O)O)N=CN,2.3010299956639813,1.0962839126586914,1.203591227531433,0.45311373472213745
593,Q4DSA0_N114H,C(CC(=O)O)C(C(=O)O)N=CN,1.9030899869919435,1.1146360635757446,1.188402771949768,0.4555203318595886
594,O82381_wild,COC1=C(C=C2C(=C1)C=CC(=O)O2)O,1.0382226383687185,0.8490351438522339,-0.9879690408706665,1.5159645080566406
595,Q9LML7_wild,COC1=C(C=C2C(=C1)C=CC(=O)O2)O,-1.2218487496163564,0.4666259288787842,-0.9280696511268616,1.2311019897460938
596,Q53WI0_wild,CC(CC(=O)C(=O)[O-])O,0.6127838567197355,0.7699292302131653,-0.6071923971176147,0.7556675672531128
597,Q53WI0_wild,CCC(CC(=O)C(=O)[O-])O,0.5910646070264992,0.9484491348266602,-0.5991600751876831,0.9469587802886963
598,P51015_wild,CCC(CC(=O)C(=O)[O-])O,0.5797835966168101,0.8215730786323547,-0.4597107470035553,1.0311217308044434
599,P51015_wild,CCCC(CC(=O)C(=O)[O-])O,-0.2006594505464183,0.24304096400737762,-0.5438681244850159,0.6914686560630798
600,P51015_wild,C(C(=O)C(=O)O)C(=O)O,1.2174839442139063,0.8199239373207092,-0.39515936374664307,0.8048192262649536
601,P51015_wild,CC(CC(=O)C(=O)[O-])O,0.6127838567197355,0.6892905831336975,-0.5660563111305237,0.8130141496658325
602,Q97UH8_wild,CC1=CC(=O)OC2=C1C=CC(=C2)OC3C(C(C(C(O3)CO)O)O)O,0.9444826721501687,0.09428362548351288,-0.36744818091392517,1.213365077972412
603,Q97UH8_wild,CC1=CC(=O)OC2=C1C=CC(=C2)OC3C(C(C(C(O3)CO)O)O)NC(=O)C,0.7323937598229685,0.044343989342451096,-0.579496443271637,1.2588002681732178
604,Q97UH8_wild,CC(=O)NC1C(C(C(OC1OC2=CC=C(C=C2)[N+](=O)[O-])CO)O)O,1.2833012287035497,0.5125694870948792,-0.11667288839817047,1.2970452308654785
605,Q97UH8_wild,C1=CC(=CC=C1[N+](=O)[O-])OC2C(C(C(C(O2)CO)O)O)O,0.9614210940664483,0.18370462954044342,-0.07083671540021896,1.186312198638916
606,Q9XFS9_wild,C1=CC(=C[N+](=C1)C2C(C(C(O2)COP(=O)(O)OP(=O)(O)OCC3C(C(C(O3)N4C=NC5=C(N=CN=C54)N)OP(=O)(O)O)O)O)O)C(=O)N,0.2041199826559248,0.33555448055267334,-1.0337804555892944,1.5037761926651
607,Q9XFS9_wild,CC(CO)(C(COP(=O)(O)O)O)O,0.2041199826559248,0.34214338660240173,-0.03459088131785393,0.6920098066329956
608,Q9XFS9_wild,C1C=CN(C=C1C(=O)N)C2C(C(C(O2)COP(=O)(O)OP(=O)(O)OCC3C(C(C(O3)N4C=NC5=C(N=CN=C54)N)OP(=O)(O)O)O)O)O,0.6434526764861874,0.4658699631690979,-1.560815691947937,1.9666180610656738
609,Q9XFS9_wild,CC(=O)C(C(COP(=O)(O)O)O)O,0.6434526764861874,0.14515919983386993,-0.5595396161079407,0.8453246355056763
610,P9WNS1_W203F,CC(=O)C(C(COP(=O)(O)O)O)O,0.20139712432045148,-0.22622571885585785,-0.463521808385849,0.677484393119812
611,P9WNS1_wild,CC(=O)C(C(COP(=O)(O)O)O)O,0.6232492903979004,-0.2018260806798935,-0.4982530176639557,0.7042036056518555
612,P9WNS1_W203Y,CC(=O)C(C(COP(=O)(O)O)O)O,0.5490032620257879,-0.2339930385351181,-0.47428664565086365,0.6708582043647766
613,Q8ZH62_wild,C1C=CN(C=C1C(=O)N)C2C(C(C(O2)COP(=O)(O)OP(=O)(O)OCC3C(C(C(O3)N4C=NC5=C(N=CN=C54)N)OP(=O)(O)O)O)O)O,0.0,0.6682382225990295,-1.4240223169326782,2.1723968982696533
614,Q8ZH62_wild,CC(=O)C(C(COP(=O)(O)O)O)O,0.23044892137827394,0.005415286868810654,-0.39156004786491394,1.3154098987579346
615,Q9NC61_wild,C1=CN(C(=O)NC1=O)C2C(C(C(O2)COP(=O)(O)OP(=O)(O)OC3C(C(C(C(O3)CO)O)O)O)O)O,0.7267272090265723,-0.06862802803516388,-1.2058652639389038,1.413382649421692
616,Q9NC61_wild,C1=CN(C(=O)NC1=O)C2C(C(C(O2)COP(=O)(O)OP(=O)(O)OC3C(C(C(O3)C(CO)O)O)O)O)O,2.709269960975831,-0.2632006108760834,-0.9972899556159973,1.3506661653518677
617,K5B7F3_wild,COC1C(C(OC(C1O)OC2C(OC(C(C2OC)O)O)CO)CO)O,-3.207608310501746,0.037091922014951706,0.1467917263507843,-0.4077906012535095
618,K5B7F3_E78A/H79A,COC1C(C(OC(C1O)OC2C(OC(C(C2OC)O)O)CO)CO)O,-4.481486060122113,0.09140047430992126,0.14296986162662506,-0.3643436133861542
619,A0A140NE60_Y84V/Y118D,C1=CC(=C[N+](=C1)C2C(C(C(O2)COP(=O)(O)O)O)O)C(=O)O,0.17609125905568124,0.6867126822471619,-0.47012415528297424,1.516136884689331
620,A0A140NE60_A86W/Y118N,C1=CC(=C[N+](=C1)C2C(C(C(O2)COP(=O)(O)O)O)O)C(=O)O,1.3979400086720377,0.7445781230926514,-0.6155533790588379,1.6338610649108887
621,A0A140NE60_wild,C1=CC(=C[N+](=C1)C2C(C(C(O2)COP(=O)(O)O)O)O)C(=O)O,0.6901960800285137,0.8239970207214355,-0.545846164226532,1.631164789199829
622,P24215_E186G,C(C(C(C(C(C(=O)O)O)O)O)O)O,0.04139268515822508,-0.38328543305397034,0.7001752257347107,-0.189364492893219
623,P24215_N103A/D109A,C(C(C(C(C(C(=O)O)O)O)O)O)O,-1.0,-0.5797174572944641,0.7818905711174011,-0.3772205114364624
624,P24215_N36G,C(C(C(C(C(C(=O)O)O)O)O)O)O,0.14612803567823798,-0.375457763671875,0.7108362913131714,-0.19179686903953552
625,P24215_wild,C(C(C(C(C(C(=O)O)O)O)O)O)O,-0.09151498112135023,-0.38297250866889954,0.709933340549469,-0.20031413435935974
626,P24215_H32G,C(C(C(C(C(C(=O)O)O)O)O)O)O,0.11058971029924898,-0.3660491108894348,0.7101308107376099,-0.17904144525527954
627,P24215_E186D,C(C(C(C(C(C(=O)O)O)O)O)O)O,-0.5376020021010439,-0.39023923873901367,0.7108253240585327,-0.20205119252204895
628,P24215_E185G,C(C(C(C(C(C(=O)O)O)O)O)O)O,-0.026872146400301365,-0.39559346437454224,0.6947615146636963,-0.19461947679519653
629,P24215_E185D,C(C(C(C(C(C(=O)O)O)O)O)O)O,-0.6382721639824072,-0.3938940167427063,0.7096775770187378,-0.20199242234230042
630,Q1QT83_wild,C(C(C(C(C(C(=O)O)O)O)O)O)O,0.2041199826559248,0.2912451922893524,0.8878693580627441,0.0922028124332428
631,P46881_wild,C1=CC=C(C=C1)CCN,1.8808135922807914,0.1406191736459732,-1.5414000749588013,1.5768674612045288
632,P46881_wild,O=O,2.041392685158225,0.9751059412956238,-1.003712773323059,1.7870721817016602
633,P46881_D298A,C1=CC=C(C=C1)CCN,-3.677780705266081,0.029570724815130234,-1.5451183319091797,1.4675606489181519
634,P46883_wild,C1=CC=C(C=C1)CCN,1.0934216851622351,0.8962364792823792,-1.1982946395874023,2.1091740131378174
635,A1RDD3_wild,C1=CC(=CC=C1CCN)O,0.2041199826559248,-0.2534278631210327,-0.6702377796173096,1.022577166557312
636,A1RDD3_wild,C1=C(NC=N1)CCN,-0.3372421683184259,-0.17805735766887665,-0.6977932453155518,0.9245051145553589
637,A1RDD3_wild,C1=CC=C(C=C1)CCN,0.23552844690754893,0.2762094736099243,-1.5297802686691284,1.552512764930725
638,A1R2C3_wild,C1=CC(=CC=C1CCN)O,0.5965970956264602,0.044553156942129135,-0.6268611550331116,1.1331549882888794
639,A1R2C3_wild,C1=C(NC=N1)CCN,0.7715874808812554,0.16833864152431488,-0.613068163394928,1.0048491954803467
640,A1R2C3_wild,C1=CC=C(C=C1)CCN,0.7092699609758308,0.6437155604362488,-1.3389924764633179,1.6716071367263794
641,A1R2C3_wild,C(CCN)CCN,-1.2083093509798821,-0.09465037286281586,-0.01767122372984886,0.556831955909729
642,A1R2C3_wild,C(CCNCCCN)CN,-1.3675427078152758,0.17542244493961334,-0.39720115065574646,0.48690861463546753
643,P51015_wild,C(C=O)O,-0.3979400086720376,0.5013018250465393,0.9650832414627075,-0.13154563307762146
644,P51015_wild,CC=O,0.01703333929878037,0.4811341166496277,1.2129892110824585,0.16979531943798065
645,P51015_wild,CCC=O,0.2528530309798932,0.6436042189598083,0.9408961534500122,0.1987176537513733
646,P9WMK5_wild,CC(CC(=O)C(=O)[O-])O,-0.38721614328026455,0.6489956974983215,-0.6288414001464844,0.7826757431030273
647,P9WMK5_wild,CCC(CC(=O)C(=O)[O-])O,-0.42021640338318983,0.8127118945121765,-0.48911985754966736,1.0474237203598022
648,P56707_wild,C(C(C(=O)O)N)[Se],-2.207608310501746,0.02150341495871544,-0.24510839581489563,-0.1041528582572937
649,Q47690_wild,C(CS)C(C(=O)O)N,-0.42021640338318983,-0.26737409830093384,-0.318698912858963,0.4711170792579651
650,Q47690_wild,C(C(C(=O)O)N)[Se],-3.769551078621726,0.6353932023048401,0.12004303932189941,-0.1310913860797882
651,P60785_wild,C1=NC2=C(N1C3C(C(C(O3)COP(=O)(O)OP(=O)(O)OP(=O)(O)O)O)O)N=C(NC2=O)N,0.36172783601759284,0.5672131180763245,-0.8260471224784851,1.5724711418151855
652,A9KJS6_wild,[O-]P(=O)([O-])[O-],1.7993405494535817,1.2877159118652344,-0.01887323334813118,1.1950864791870117
653,A9KJS6_wild,C(C1C(C(C(C(O1)O)OC2C(C(C(C(O2)CO)O)O)O)O)O)O,1.6020599913279625,0.8723840713500977,0.6386524438858032,0.5445840358734131
654,Q82K09_R87M,C1=NC(=C2C(=N1)N(C=N2)C3C(C(C(O3)CO)O)O)N,-0.38721614328026455,0.010085105895996094,-1.120022177696228,1.0467065572738647
655,Q82K09_wild,C1=CC(=CC(=C1)C(=O)[O-])C(=O)CCC2C(C(C(O2)N3C=NC4=C(N=CN=C43)N)O)O,0.5797835966168101,-0.016100261360406876,-1.77963387966156,1.2418575286865234
656,Q82K09_wild,CSCC1C(C(C(O1)N2C=NC3=C(N=CN=C32)N)O)O,-0.3979400086720376,0.1027335673570633,-1.3285504579544067,0.9996180534362793
657,Q82K09_R87M,C1=CC(=CC(=C1)C(=O)[O-])C(=O)CCC2C(C(C(O2)N3C=NC4=C(N=CN=C43)N)O)O,-0.37675070960209955,0.00826258584856987,-1.807165265083313,1.2554466724395752
658,Q82K09_R87A,C1=CC(=CC(=C1)C(=O)[O-])C(=O)CCC2C(C(C(O2)N3C=NC4=C(N=CN=C43)N)O)O,-1.0268721464003014,0.03014392778277397,-1.7987028360366821,1.2657886743545532
659,Q82K09_R87A,C1=NC(=C2C(=N1)N(C=N2)C3C(C(C(O3)CO)O)O)N,-0.9746941347352298,0.03685212507843971,-1.1016658544540405,1.059058666229248
660,Q08225_K638L,CC(C(=O)NC(C)C(=O)NC1=CC2=CC=CC=C2C=C1)N,-2.6989700043360187,0.8346129655838013,-1.026194453239441,2.3375356197357178
661,Q08225_R582Q,CC(C(=O)NC(C)C(=O)NC1=CC2=CC=CC=C2C=C1)N,0.8603380065709937,0.9418378472328186,-1.0268957614898682,2.391545057296753
662,Q08225_wild,CC(C(=O)NC(C)C(=O)NC1=CC2=CC=CC=C2C=C1)N,-0.10957898119908573,0.9439849853515625,-1.0328201055526733,2.3999297618865967
663,P0AFG8_wild,CC1=C(SC=[N+]1CC2=CN=C(N=C2N)C)CCOP(=O)(O)OP(=O)(O)O,1.460747541844197,0.32693248987197876,-2.227602958679199,1.9138355255126953
664,C0LA90_wild,CC1(C(C1C(=O)OCC2=CC(=CC=C2)OC3=CC=CC=C3)C=C(Cl)Cl)C,0.481442628502305,-0.06272213160991669,-2.8489878177642822,1.8319684267044067
665,C0LA90_wild,CC1(C(C1C(=O)OC(C#N)C2=CC(=CC=C2)OC3=CC=CC=C3)C=C(Br)Br)C,-0.10237290870955856,0.5296563506126404,-3.277353525161743,2.185626745223999
666,C0LA90_wild,CC1(C(C1C(=O)OC(C#N)C2=CC(=CC=C2)OC3=CC=CC=C3)C=C(C(F)(F)F)Cl)C,0.10720996964786839,0.16142016649246216,-3.1339917182922363,2.044053554534912
667,C0LA90_wild,CC1=C(C=CC=C1C2=CC=CC=C2)COC(=O)C3C(C3(C)C)C=C(C(F)(F)F)Cl,-0.3565473235138126,0.23596976697444916,-2.6003129482269287,1.9052163362503052
668,C0LA90_wild,CC1(C(C1C(=O)OC(C#N)C2=CC(=CC=C2)OC3=CC=CC=C3)C=C(Cl)Cl)C,0.4099331233312945,0.19875189661979675,-3.239105701446533,2.0635533332824707
669,Q68RJ8_wild,C1CCNC(=O)CNC(=O)C(CSSCC(C(=O)NCC(=O)NCCCNC1)NC(=O)CCC(C(=O)O)N)NC(=O)CCC(C(=O)O)N,3.0293837776852097,1.4441183805465698,-1.0869966745376587,1.9890515804290771
670,Q68RJ8_wild,CC(C)OC(=O)CNC(=O)C(CS)NC(=O)CCC(C(=O)O)N,3.0681858617461617,1.8205748796463013,-0.6383381485939026,1.949278712272644
671,Q948T6_wild,CC(C(=O)SCC(C(=O)NCC(=O)O)NC(=O)CCC(C(=O)O)N)O,1.85101360682367,1.8452301025390625,-0.8234944343566895,1.760812759399414
672,Q9KQ59_wild,C1=CC=C2C(=C1)C(=O)C3=C(C2=O)C(=C(C=C3NC4=CC(=CC=C4)S(=O)(=O)CCOS(=O)(=O)[O-])S(=O)(=O)[O-])N.[Na+].[Na+],0.11394335230683679,1.6336554288864136,-1.3444613218307495,2.0955958366394043
673,Q9KQ59_wild,CCN1C2=C(C=C(C=C2)S(=O)(=O)O)SC1=NN=C3N(C4=C(S3)C=C(C=C4)S(=O)(=O)O)CC,2.6989700043360187,1.4752200841903687,-0.93448406457901,2.4373958110809326
674,Q9KQ59_wild,COC1=CC=CC=C1O,-1.5686362358410126,0.9110763669013977,-0.8259201049804688,1.348231554031372
675,P35028_wild,C1=NC(=C2C(=N1)N(C=N2)C3C(C(C(O3)COP(=O)(O)OP(=O)(O)OP(=O)(O)O)O)O)N,2.230448921378274,0.6653069257736206,-0.42002639174461365,1.614945411682129
676,A0A140NE60_wild,C1=CC(=C[N+](=C1)C2C(C(C(O2)COP(=O)(O)[O-])O)O)C(=O)N,-0.11918640771920865,0.8406546115875244,-0.3924064338207245,1.4655380249023438
677,A0A140NE60_Y84V/Y118D,C1=CC(=C[N+](=C1)C2C(C(C(O2)COP(=O)(O)[O-])O)O)C(=O)N,0.8195439355418687,0.7177421450614929,-0.3232184946537018,1.3643198013305664
678,P31434_wild,C1=CC(=CC=C1[N+](=O)[O-])OC2C(C(C(C(O2)CO)O)O)O,-1.337242168318426,0.9884545207023621,-0.15760253369808197,1.1283947229385376
679,P31434_wild,C1C(C(C(C(O1)OCC(C(C(C(C=O)O)O)O)O)O)O)O,1.7101173651118162,1.2795017957687378,0.6957175731658936,0.8795068860054016
680,P04694_R315K,C(CC(=O)O)C(=O)C(=O)O,2.690196080028514,0.8473734259605408,0.3402520418167114,1.0682899951934814
681,P04694_wild,C1=CC(=CC=C1CC(C(=O)O)N)O,2.7604224834232123,0.02075694128870964,0.3544769883155823,1.0036077499389648
682,P04694_N54S,C1=CC(=CC=C1CC(=O)C(=O)O)O,0.7708520116421442,0.14721207320690155,0.2333754599094391,0.9774793386459351
683,P04694_N54S,C(CC(=O)O)C(=O)C(=O)O,2.0644579892269186,0.7763471603393555,0.3628884553909302,1.010985255241394
684,P04694_N54S,C1=CC(=CC=C1CC(C(=O)O)N)O,2.12057393120585,-0.04687194898724556,0.356052428483963,0.9349584579467773
685,P04694_wild,C(CC(=O)O)C(C(=O)O)N,2.322219294733919,0.93362957239151,0.9061866998672485,0.9329583644866943
686,P04694_R315K,C(CC(=O)O)C(C(=O)O)N,2.298853076409707,0.9180209636688232,0.8967975378036499,0.9306379556655884
687,P04694_N54S,C(CC(=O)O)C(C(=O)O)N,0.8195439355418687,0.8462079167366028,0.9311400651931763,0.8701431751251221
688,P04694_R315K,C1=CC(=CC=C1CC(=O)C(=O)O)O,2.1903316981702914,0.21010805666446686,0.2155318260192871,1.0387444496154785
689,P04694_R315K,C1=CC(=CC=C1CC(C(=O)O)N)O,2.7075701760979363,0.006475489586591721,0.34320080280303955,0.998723566532135
690,P04694_wild,C1=CC(=CC=C1CC(=O)C(=O)O)O,2.2174839442139063,0.2274911105632782,0.22676721215248108,1.0422279834747314
691,P04694_wild,C(CC(=O)O)C(=O)C(=O)O,2.7528164311882715,0.8604232668876648,0.35087984800338745,1.0681809186935425
692,V5M241_wild,C1=CC=C(C=C1)CC(C(=O)O)N,-0.3565473235138126,-0.11819656193256378,0.37617436051368713,0.3904542326927185
693,V5M241_wild,C1=CC(=CC=C1CC(=O)C(=O)O)O,-0.15490195998574322,-0.27990758419036865,0.09783996641635895,0.372938334941864
694,V5M241_wild,C1=CC=C(C=C1)CC(=O)C(=O)O,0.1643528557844371,-0.038616787642240524,0.1952207386493683,0.3876118063926697
695,V5M241_wild,C1=CC(=CC=C1CC(C(=O)O)N)O,0.17026171539495738,-0.5766249299049377,0.14853264391422272,0.4517461657524109
696,V5M241_wild,C(CC(=O)O)C(C(=O)O)N,-0.3565473235138126,0.12571749091148376,0.8198345899581909,0.21546289324760437
697,V5M241_wild,C(CC(=O)O)C(=O)C(=O)O,-0.036212172654444715,-0.12384437024593353,0.19494488835334778,0.33811548352241516
698,Q9FN30_wild,CSCCC(=O)C(=O)O,-0.15490195998574322,0.40234673023223877,0.37412285804748535,0.6083976030349731
699,Q9FN30_wild,C(CC(=O)O)C(=O)C(=O)O,-0.27572413039921095,0.20522959530353546,0.27716895937919617,0.2488309144973755
700,Q9FN30_wild,CSCCC(C(=O)O)N,-0.27572413039921095,0.3284006714820862,0.6422184705734253,0.5746498703956604
701,Q9FN30_wild,C1=CC=C(C=C1)CC(=O)C(=O)O,-0.3279021420642826,0.2786007523536682,0.26890236139297485,0.3110276460647583
702,Q9FN30_wild,C1=CC(=CC=C1CC(C(=O)O)N)O,-0.12493873660829995,-0.19972606003284454,0.11755651235580444,0.4285179376602173
703,Q9FN30_wild,C1=CC(=CC=C1CC(=O)C(=O)O)O,-0.36653154442041347,0.004516150802373886,0.10350392758846283,0.3084545433521271
704,Q9FN30_wild,C(C(=O)C(=O)O)C(=O)O,-0.25181197299379954,0.5981366634368896,0.06011653319001198,0.5086835026741028
705,Q9FN30_wild,C1=CC=C(C=C1)CC(C(=O)O)N,-0.2924298239020636,0.1794366091489792,0.3913571536540985,0.4019521474838257
706,Q67Y55_wild,CSCCC(=O)C(=O)O,1.3031960574204888,0.36943086981773376,0.4693344533443451,0.7874906063079834
707,Q67Y55_wild,C(CC(=O)O)C(=O)C(=O)O,1.6812412373755872,0.07306653261184692,0.352387934923172,0.4914829730987549
708,Q67Y55_wild,C1=CC=C(C=C1)CC(=O)C(=O)O,1.4800069429571507,0.1273098587989807,0.2544846534729004,0.5074074864387512
709,Q67Y55_wild,C1=CC(=CC=C1CC(=O)C(=O)O)O,1.3783979009481377,-0.13022686541080475,0.18441928923130035,0.4798387587070465
710,Q67Y55_wild,CSCCC(C(=O)O)N,1.424881636631067,0.1390172839164734,0.7431398034095764,0.7050108909606934
711,Q67Y55_wild,C1=CC(=CC=C1CC(C(=O)O)N)O,1.75815462196739,-0.4908268451690674,0.2579602003097534,0.4668668508529663
712,Q67Y55_wild,C1=CC=C(C=C1)CC(C(=O)O)N,1.4996870826184039,-0.012457001954317093,0.4756651818752289,0.5171970725059509
713,A0A4Q0VE60_wild,C(C(C(C(C=O)O)O)O)OP(=O)(O)O,2.0086001717619175,0.22338752448558807,0.17225421965122223,0.961104154586792
714,A0A4Q0VE60_wild,C(C(C(C(=O)CO)O)O)OP(=O)(O)O,1.9380190974762104,0.2604702115058899,0.03287317231297493,1.2603158950805664
715,Q97UK5_wild,C(C1C(C(C(C(O1)OCC2C(C(C(C(O2)O)O)O)O)O)O)O)O,0.3010299956639812,0.24561499059200287,0.6160051822662354,0.17630638182163239
716,Q97UK5_wild,C(C1C(C(C(C(O1)O)OC2C(C(C(C(O2)CO)O)O)O)O)O)O,0.7403626894942439,0.12615364789962769,0.6187182664871216,0.1513061225414276
717,Q97UK5_wild,C(C1C(C(C(C(O1)O)O)OC2C(C(C(C(O2)CO)O)O)O)O)O,0.6901960800285137,0.21262909471988678,0.5712478160858154,0.1737121194601059
718,A0A0S2UQQ5_wild,C1C(C(C(C(O1)OC2COC(C(C2O)O)OC3COC(C(C3O)O)O)O)O)O,2.074816440645175,0.5802332758903503,0.015433210879564285,0.5840068459510803
719,A6G7B1_wild,C(CBr)Br,-0.42021640338318983,1.5431246757507324,0.5109689235687256,0.8450344800949097
720,A6G7B1_wild,CCCCCCBr,0.42975228000240795,0.9283034205436707,-0.17411011457443237,0.818111777305603
721,A6G7B1_wild,CCCBr,0.7671558660821804,0.6143670678138733,0.7163357734680176,0.33313748240470886
722,A6G7B1_wild,CC(CBr)Br,0.2944662261615929,0.8342057466506958,0.5096708536148071,0.49372273683547974
723,A6G7B1_wild,CCCCCCCBr,0.14301480025409505,0.6119776368141174,-0.45763757824897766,0.30602577328681946
724,A6G7B1_wild,CCCCBr,0.9074113607745862,0.7020711302757263,0.3941316604614258,0.4190882444381714
725,A6G7B1_wild,CCCCCBr,0.9973863843973133,0.29626452922821045,0.38252538442611694,0.17675688862800598
726,B8YPW8_wild,C(CCl)Cl,0.37474834601010387,-0.079575315117836,0.40337997674942017,0.4906497299671173
727,P9WNC5_wild,C1C(=NC2=C(N1)N=C(NC2=O)N)C(C(CO)O)O,-2.2218487496163566,-1.2979382276535034,-2.1477062702178955,0.8238909244537354
728,A0A3G2YMH7_R15K/G292P,C(CC(C(=O)O)N)CN=C(N)N,2.569373909615046,0.08374060690402985,0.4067060351371765,1.125539779663086
729,A0A3G2YMH7_R15K/F269Y/G292P,C(CC(C(=O)O)N)CN=C(N)N,2.5622928644564746,0.09190522134304047,0.408620685338974,1.1476194858551025
730,A0A3G2YMH7_R15K,C(CC(C(=O)O)N)CN=C(N)N,2.428134794028789,0.10398311913013458,0.40287792682647705,1.1462198495864868
731,A0A3G2YMH7_R15K/F269Y,C(CC(C(=O)O)N)CN=C(N)N,2.534026106056135,0.1107444316148758,0.4044305980205536,1.1667120456695557
732,A0A3G2YMH7_R15K/G264P,C(CC(C(=O)O)N)CN=C(N)N,2.4638929889859074,0.07424958050251007,0.40578892827033997,1.1435086727142334
733,A0A3G2YMH7_wild,C(CC(C(=O)O)N)CN=C(N)N,2.4899584794248346,0.10519044101238251,0.41199448704719543,1.147449254989624
734,O86938_D297N,C(C(=O)C(=O)[O-])P(=O)(O)[O-],-0.2596373105057561,0.1271943598985672,-1.0196642875671387,0.8321852684020996
735,O86938_S25N,C(C(=O)C(=O)[O-])P(=O)(O)[O-],-0.10790539730951958,0.10341386497020721,-0.9990866184234619,0.7817384600639343
736,O86938_wild,C(C(=O)C(=O)[O-])P(=O)(O)[O-],0.07188200730612537,0.13763608038425446,-1.019102692604065,0.831276535987854
737,O86938_S25D,C(C(=O)C(=O)[O-])P(=O)(O)[O-],-0.5086383061657274,0.1545933037996292,-0.9894315004348755,0.8247228264808655
738,O86938_D297E,C(C(=O)C(=O)[O-])P(=O)(O)[O-],-0.11918640771920865,0.14531798660755157,-1.0124096870422363,0.8389163017272949
739,O86938_H111A,C(C(=O)C(=O)[O-])P(=O)(O)[O-],0.09342168516223508,0.14905808866024017,-1.016579270362854,0.8443422317504883
740,P43387_wild,C(Cl)Cl,0.5563025007672873,-0.044037554413080215,-0.7295879125595093,0.7617723941802979
741,P21161_wild,C(Cl)Cl,-0.060480747381381476,-0.07588192820549011,-0.6444474458694458,0.8682197332382202
742,P43387_wild,C(Br)Br,0.7481880270062004,1.0696983337402344,-0.3170605003833771,0.6931059956550598
743,P43387_wild,CCCl,-1.0,-0.6675833463668823,-0.2861301898956299,-0.052113503217697144
744,P43387_wild,CCI,-0.8239087409443188,0.2757100760936737,-1.1223450899124146,0.584269642829895
745,P43387_wild,C(I)I,0.11727129565576427,0.42802757024765015,-0.3703317940235138,0.25652605295181274
746,P43387_wild,C(F)Cl,-2.0457574905606752,0.35322636365890503,-0.4919012486934662,0.4630223512649536
747,P43387_wild,CBr,-0.8538719643217619,0.6647936701774597,-0.9627693891525269,1.0279443264007568
748,Q67PI3_wild,CC(=O)C(=O)[O-],3.8948696567452528,0.9431862235069275,1.1365604400634766,0.35576969385147095
749,Q67PI3_wild,C(CC(C(=O)O)N)CC(C(=O)O)N,5.103803720955957,1.5527461767196655,-0.06871667504310608,1.3457106351852417
750,Q67PI3_T171S/R181F,C1=CC=C(C=C1)CC(=O)C(=O)O,-0.15490195998574322,0.43599793314933777,1.0177017450332642,0.20954908430576324
751,Q67PI3_W121L/H227I,CC(C)C(=O)C(=O)O,0.7134905430939426,0.3091537356376648,1.4663978815078735,0.10632877051830292
752,Q67PI3_wild,C1=CC=C(C=C1)CC(=O)C(=O)O,-0.958607314841775,0.685478925704956,0.9696319103240967,0.43076059222221375
753,Q67PI3_R71S,CC(=O)C(=O)[O-],0.8573324964312685,0.9612608551979065,1.1654163599014282,0.3452404737472534
754,Q67PI3_V14L,CC(=O)C(=O)[O-],0.21218760440395779,0.9293567538261414,1.1461116075515747,0.33801472187042236
755,Q67PI3_W121L/H227I,C1=CC=C(C=C1)CCC(=O)C(=O)O,1.100370545117563,0.5215452313423157,0.6489952802658081,0.5084331035614014
756,Q67PI3_T70S,CC(=O)C(=O)[O-],0.919078092376074,0.9560098648071289,1.1494020223617554,0.3487309217453003
757,Q67PI3_R181F,C1=CC=C(C=C1)CC(=O)C(=O)O,0.029383777685209663,0.44555115699768066,1.0072228908538818,0.22229361534118652
758,Q67PI3_W121L/H227I,C1=CC=C(C=C1)CC(=O)C(=O)[O-],0.7923916894982539,0.567690908908844,0.8112609386444092,0.3598182201385498
759,Q67PI3_M152Q,CC(=O)C(=O)[O-],3.0043213737826426,0.9267773032188416,1.151084542274475,0.3530091643333435
760,Q67PI3_R71E,CC(=O)C(=O)[O-],0.22530928172586284,0.9643973708152771,1.2000017166137695,0.32978469133377075
761,Q67PI3_R181F/H227V,C1=CC=C(C=C1)CC(=O)C(=O)O,0.5352941200427705,0.45254048705101013,0.9665840864181519,0.2239840030670166
762,Q67PI3_T171S/H227V,C1=CC=C(C=C1)CC(=O)C(=O)O,0.37474834601010387,0.6794586777687073,0.955410361289978,0.4134976267814636
763,Q67PI3_K159R,C(CC(C(=O)O)N)CC(C(=O)O)N,1.3891660843645326,1.5371166467666626,-0.07386177778244019,1.348642110824585
764,Q67PI3_V156D,C(CC(C(=O)O)N)CC(C(=O)O)N,0.19865708695442263,1.547797679901123,-0.014565642923116684,1.331876277923584
765,Q67PI3_T171S,C1=CC=C(C=C1)CC(=O)C(=O)O,-0.05551732784983137,0.683109700679779,0.9753930568695068,0.42792513966560364
766,Q67PI3_T171S/R181F/H227V,C1=CC=C(C=C1)CC(=O)C(=O)O,0.320146286111054,0.44206055998802185,0.9760782718658447,0.21086189150810242
767,Q67PI3_F146W/M152Q,C(CC(C(=O)O)N)CC(C(=O)O)N,3.8312296938670634,1.5276930332183838,-0.06148400530219078,1.3379948139190674
768,Q67PI3_V68M,CC(=O)C(=O)[O-],0.8020892578817327,0.9640517234802246,1.132319450378418,0.3748028874397278
769,Q67PI3_H227C,C1=CC=C(C=C1)CC(=O)C(=O)O,0.3944516808262163,0.6918346285820007,0.9624077081680298,0.40234601497650146
770,Q67PI3_K159R,CC(=O)C(=O)[O-],0.9068735347220704,0.924889087677002,1.124761700630188,0.3613320291042328
771,Q67PI3_R71I,CC(=O)C(=O)[O-],0.4899584794248346,0.9843862652778625,1.1439093351364136,0.37486034631729126
772,Q67PI3_W121L/H227I,CCCC(=O)C(=O)[O-],1.5877109650189114,0.6388465762138367,1.083382248878479,0.35183075070381165
773,Q67PI3_H227V,C1=CC=C(C=C1)CC(=O)C(=O)O,0.5998830720736879,0.6819019913673401,0.9499086141586304,0.41791000962257385
774,Q67PI3_R71Q,CC(=O)C(=O)[O-],0.7888751157754168,0.9510987401008606,1.1576873064041138,0.3550429940223694
775,Q67PI3_W121L/H227I,CCC(=O)C(=O)[O-],1.5487578285737043,0.8212373852729797,1.1133636236190796,0.3133317828178406
776,Q67PI3_P69G,CC(=O)C(=O)[O-],0.6599162000698503,0.9379538297653198,1.1121467351913452,0.3296908140182495
777,Q67PI3_M152Q,C(CC(C(=O)O)N)CC(C(=O)O)N,4.552668216112194,1.5326015949249268,-0.06208745762705803,1.3398568630218506
778,Q67PI3_F146W/M152Q,CC(=O)C(=O)[O-],2.8221680793680175,0.9142646193504333,1.1470396518707275,0.3414030969142914
779,Q67PI3_S90T,C(CC(C(=O)O)N)CC(C(=O)O)N,0.9449759084120479,1.5504037141799927,-0.08154340088367462,1.3540468215942383
780,Q67PI3_R71K,CC(=O)C(=O)[O-],0.8095597146352678,0.9585655331611633,1.149394154548645,0.3489288091659546
781,Q67PI3_R71K,C(CC(C(=O)O)N)CC(C(=O)O)N,2.2137832993353044,1.5712369680404663,-0.05517395958304405,1.338428258895874
782,Q67PI3_wild,[NH4+],2.588159616383092,2.0462749004364014,0.820743203163147,0.6838679909706116
783,Q67PI3_P69G,C(CC(C(=O)O)N)CC(C(=O)O)N,1.6883308181122663,1.5370525121688843,-0.09387633204460144,1.3311291933059692
784,Q67PI3_V68M,C(CC(C(=O)O)N)CC(C(=O)O)N,1.556905269055448,1.5750584602355957,-0.0729353278875351,1.3594211339950562
785,Q67PI3_V14L,C(CC(C(=O)O)N)CC(C(=O)O)N,1.5595475555804343,1.5342392921447754,-0.06475935876369476,1.3307561874389648
786,Q67PI3_T70S,C(CC(C(=O)O)N)CC(C(=O)O)N,1.377670439334323,1.5633156299591064,-0.057606082409620285,1.3413935899734497
787,Q67PI3_S90T,CC(=O)C(=O)[O-],1.1908917169221696,0.9395504593849182,1.1255793571472168,0.3619101941585541
788,Q67PI3_W121L/H227I,CC(=O)C(=O)[O-],1.655330558009341,0.7027478814125061,1.199462890625,0.17886686325073242
789,Q67PI3_W121L/H227I,CC(C)CC(=O)C(=O)O,1.1300119496719043,0.18860600888729095,1.1397613286972046,0.3164045512676239
790,Q67PI3_R71E,C(CC(C(=O)O)N)CC(C(=O)O)N,1.817036226050029,1.5912277698516846,0.027457345277071,1.3138145208358765
791,Q67PI3_R71Q,C(CC(C(=O)O)N)CC(C(=O)O)N,1.6605809124272997,1.5694220066070557,-0.028341975063085556,1.3369994163513184
792,Q67PI3_R71S,C(CC(C(=O)O)N)CC(C(=O)O)N,1.5733358400660675,1.5900648832321167,-0.018108990043401718,1.3313997983932495
793,Q67PI3_R71I,C(CC(C(=O)O)N)CC(C(=O)O)N,1.707229419327294,1.5998018980026245,-0.024660784751176834,1.3478686809539795
794,A0A1M5M5H3_wild,C1=CC(=C[N+](=C1)C2C(C(C(O2)COP(=O)(O)OP(=O)(O)OCC3C(C(C(O3)N4C=NC5=C(N=CN=C54)N)OP(=O)(O)O)O)O)O)C(=O)N,2.9190780923760737,1.0263991355895996,-0.3661198616027832,1.531810998916626
795,A0A1M5M5H3_wild,C(CC(C(=O)O)N)CC(C(=O)O)N,2.8674674878590514,1.8656882047653198,0.0148598812520504,1.3853965997695923
796,A0A1M5M5H3_wild,C1=CC(=C[N+](=C1)C2C(C(C(O2)COP(=O)([O-])OP(=O)(O)OCC3C(C(C(O3)N4C=NC5=C(N=CN=C54)N)O)O)O)O)C(=O)N,2.88930170250631,1.0785657167434692,-0.2429148554801941,1.5069241523742676
797,F7YTT4_wild,C1C=CN(C=C1C(=O)N)C2C(C(C(O2)COP(=O)(O)OP(=O)(O)OCC3C(C(C(O3)N4C=NC5=C(N=CN=C54)N)OP(=O)(O)O)O)O)O,-0.1366771398795441,0.8721387982368469,-0.9410274028778076,1.8091877698898315
798,F7YTT4_wild,C1C=CN(C=C1C(=O)N)C2C(C(C(O2)COP(=O)(O)OP(=O)(O)OCC3C(C(C(O3)N4C=NC5=C(N=CN=C54)N)O)O)O)O,0.7759743311293691,1.0082833766937256,-0.754100501537323,1.6878294944763184
799,Q64PZ8_wild,C(CC(C(=O)O)N)CC(C(=O)O)N,0.8864907251724818,1.7957277297973633,-0.25774556398391724,1.6011769771575928
800,Q64PZ8_wild,[NH4+],2.2062860444124324,2.4389913082122803,0.7564793825149536,0.8816354274749756
801,A0A1Z2RWY4_wild,CCCCCC=CCC=CCC=CCC=CCCCC(=O)SCCNC(=O)CCNC(=O)C(C(C)(C)COP(=O)(O)OP(=O)(O)OCC1C(C(C(O1)N2C=NC3=C(N=CN=C32)N)O)OP(=O)(O)O)O,-1.8297382846050425,-0.4943993091583252,-1.8432351350784302,0.8230128288269043
802,A0A1Z2RWY4_wild,CCCCCCCCCCCCCCCC(=O)SCCNC(=O)CCNC(=O)C(C(C)(C)COP(=O)(O)OP(=O)(O)OCC1C(C(C(O1)N2C=NC3=C(N=CN=C32)N)O)OP(=O)(O)O)O,-1.494850021680094,-0.6106933355331421,-1.9364556074142456,0.8602114915847778
803,A0A1Z2RWY4_wild,CCCCCCCC(=O)SCCNC(=O)CCNC(=O)C(C(C)(C)COP(=O)(O)OP(=O)(O)OCC1C(C(C(O1)N2C=NC3=C(N=CN=C32)N)O)OP(=O)(O)O)O,-1.7328282715969863,-0.5159290432929993,-1.6862601041793823,0.8136732578277588
804,A0A1Z2RWY4_wild,CCC=CCC=CCC=CCC=CCC=CCCCC(=O)SCCNC(=O)CCNC(=O)C(C(C)(C)COP(=O)([O-])OP(=O)([O-])OCC1C(C(C(O1)N2C=NC3=C(N=CN=C32)N)O)OP(=O)([O-])[O-])O,-1.9430951486635275,-0.4089394807815552,-1.7889007329940796,0.8037384748458862
805,A0A1Z2RWY4_wild,CCCCCCCCCC(=O)SCCNC(=O)CCNC(=O)C(C(C)(C)COP(=O)(O)OP(=O)(O)OCC1C(C(C(O1)N2C=NC3=C(N=CN=C32)N)O)OP(=O)(O)O)O,-1.812479279163537,-0.5461211204528809,-1.7694292068481445,0.8264386057853699
806,A0A1Z2RWY4_wild,CCCCCCCCCCCC(=O)SCCNC(=O)CCNC(=O)C(C(C)(C)COP(=O)(O)OP(=O)(O)OCC1C(C(C(O1)N2C=NC3=C(N=CN=C32)N)O)OP(=O)(O)O)O,-1.6946486305533763,-0.553880512714386,-1.8434691429138184,0.8670178651809692
807,A0A1Z2RWY4_wild,CCCCCCCCCCCCCC(=O)SCCNC(=O)CCNC(=O)C(C(C)(C)COP(=O)(O)OP(=O)(O)OCC1C(C(C(O1)N2C=NC3=C(N=CN=C32)N)O)OP(=O)(O)O)O,-1.595166283380062,-0.571742057800293,-1.9006879329681396,0.8750911951065063
808,A0A1Z2RWY4_wild,CCCCCCCCCCCCCCCCCC(=O)SCCNC(=O)CCNC(=O)C(C(C)(C)COP(=O)(O)OP(=O)(O)OCC1C(C(C(O1)N2C=NC3=C(N=CN=C32)N)O)OP(=O)(O)O)O,-1.4213607900319276,-0.6249570250511169,-1.9351866245269775,0.8564671277999878
809,A0A1V0D8Y5_wild,CC(=CCCC(=CCOP(=O)(O)OP(=O)(O)O)C)C,0.3159703454569177,-0.7195271253585815,-1.8097018003463745,0.6612230539321899
810,A0A178U9Y5_wild,CC(=CCCC(=CCCC(=CCCC(=CCOP(=O)(O)OP(=O)(O)O)C)C)C)C,-0.08092190762392612,-0.7919964790344238,-1.969594120979309,0.8447709679603577
811,A0A143G976_wild,OO,5.507855871695831,4.212120056152344,1.5379475355148315,2.7324135303497314
812,A0A143G976_wild,CC(=O)OO,1.2882492255719862,3.2520036697387695,1.2024587392807007,2.288717746734619
813,Q70DV6_wild,C1C=CN(C=C1C(=O)N)C2C(C(C(O2)COP(=O)(O)OP(=O)(O)OCC3C(C(C(O3)N4C=NC5=C(N=CN=C54)N)O)O)O)O,-0.045757490560675115,1.333166480064392,-1.946052074432373,2.5718576908111572
814,Q9XWN7_wild,CN1C=[N+](C2=C1C(=O)NC(=N2)N)C3C(C(C(O3)CO)O)O,0.037426497940623665,-0.753608226776123,-0.9988828301429749,0.8785791397094727
815,Q9XWN7_C42A,CN1C=[N+](C2=C1C(=O)NC(=N2)N)C3C(C(C(O3)CO)O)O,0.38021124171160603,-0.7522723078727722,-0.9683552980422974,0.882042646408081
816,Q9XWN7_C42A,C1=NC2=C(C(=O)N1)N=CN2C3C(C(C(O3)CO)O)O,-1.619788758288394,-0.34853190183639526,-0.7259060144424438,0.4686567783355713
817,Q9XWN7_wild,C1=NC2=C(N1C3C(C(C(O3)CO)O)O)N=C(NC2=O)N,-0.8446639625349383,-0.6933605074882507,-1.0258363485336304,0.525973379611969
818,Q9XWN7_wild,C1=NC2=C(C(=O)N1)N=CN2C3C(C(C(O3)CO)O)O,-0.6925039620867871,-0.3667437434196472,-0.7508879899978638,0.4687063992023468
819,Q9XWN7_C253A,CN1C=[N+](C2=C1C(=O)NC(=N2)N)C3C(C(C(O3)CO)O)O,0.2966651902615311,-0.7318554520606995,-0.9770224690437317,0.8970630764961243
820,Q9XWN7_C42A,C1=NC(=C2C(=N1)N(C=N2)C3C(C(C(O3)CO)O)O)N,-1.6382721639824072,-0.5767796039581299,-1.087279200553894,0.6450603008270264
821,Q9XWN7_wild,C1=NC(=C2C(=N1)N(C=N2)C3C(C(C(O3)CO)O)O)N,-0.37882371822496486,-0.5981249213218689,-1.111935019493103,0.6492117643356323
822,Q9XWN7_C42A,C1=NC2=C(N1C3C(C(C(O3)CO)O)O)N=C(NC2=O)N,-1.958607314841775,-0.678930938243866,-1.0060480833053589,0.5224188566207886
823,Q9XWN7_C253A,C1=NC2=C(N1C3C(C(C(O3)CO)O)O)N=C(NC2=O)N,-2.2924298239020637,-0.6552257537841797,-1.0200848579406738,0.5393229126930237
824,Q9XWN7_C253A,C1=NC2=C(C(=O)N1)N=CN2C3C(C(C(O3)CO)O)O,-2.3665315444204134,-0.32769179344177246,-0.7383195161819458,0.48247790336608887
825,Q9XWN7_C253A,C1=NC(=C2C(=N1)N(C=N2)C3C(C(C(O3)CO)O)O)N,-2.3767507096020997,-0.5628065466880798,-1.1060494184494019,0.6586586236953735
826,O28511_wild,CCCCCCCCCCCCCCCC(=O)OC1=CC=C(C=C1)[N+](=O)[O-],1.6766936096248666,1.200374722480774,-0.6794450879096985,1.913545846939087
827,Q52NW7_wild,CC(=O)OC1=CC=C(C=C1)[N+](=O)[O-],1.9084850188786497,0.43629151582717896,-0.8476839065551758,2.278338670730591
828,Q52NW7_wild,CC1(C(C1C(=O)OC(C#N)C2=CC(=CC=C2)OC3=CC=CC=C3)C=C(Br)Br)C,-1.7958800173440752,0.2774260938167572,-3.2970261573791504,1.9246728420257568
829,Q52NW7_wild,CC1(C(C1C(=O)OCC2=CC(=CC=C2)OC3=CC=CC=C3)C=C(Cl)Cl)C,0.05690485133647256,-0.5022576451301575,-2.840362071990967,1.625341534614563
830,Q52NW7_wild,CCCCCCCCCCCC(=O)OC1=CC=C(C=C1)[N+](=O)[O-],1.7708520116421442,0.3269219696521759,-1.7032684087753296,2.797354221343994
831,Q52NW7_wild,CCCCCCCC(=O)OC1=CC=C(C=C1)[N+](=O)[O-],2.5563025007672873,0.3038767874240875,-1.5102852582931519,2.725843667984009
832,Q52NW7_wild,CCOC(=O)CC(C(=O)OCC)SP(=S)(OC)OC,-1.154901959985743,0.39673173427581787,-1.9639778137207031,1.6893095970153809
833,Q52NW7_wild,CC(C)C(C1=CC=C(C=C1)Cl)C(=O)OC(C#N)C2=CC(=CC=C2)OC3=CC=CC=C3,-0.9871627752948278,0.6235706210136414,-2.766857862472534,1.955556869506836
834,Q52NW7_wild,CCCC(=O)OC1=CC=C(C=C1)[N+](=O)[O-],2.496929648073215,0.403558611869812,-1.0964059829711914,2.5522425174713135
835,Q52NW7_wild,CCC(=O)OC1=CC=C(C=C1)[N+](=O)[O-],2.376576957056512,0.5565043687820435,-0.8659215569496155,2.414328098297119
836,Q52NW7_wild,CCCCCC(=O)OC1=CC=C(C=C1)[N+](=O)[O-],2.705007959333336,0.2357257753610611,-1.3255573511123657,2.606628894805908
837,Q52NW7_wild,CC1(C(C1C(=O)OC(C#N)C2=CC(=CC=C2)OC3=CC=CC=C3)C=C(Cl)Cl)C,-0.5406075122407692,-0.13604050874710083,-3.2773752212524414,1.7989509105682373
838,D9Q1R5_wild,C1=CN=C(C=N1)C(=O)N,2.132579847659737,-0.060424093157052994,-0.1985991895198822,0.7455766201019287
839,D9Q1R5_wild,C1=CC(=CN=C1)C(=O)N,1.885926339801431,-0.07238374650478363,-0.520639955997467,0.9185776710510254
840,S4TJ23_wild,CC(C(=O)O)NC(=O)C1CCCN1C(=O)C(CCCN=C(N)N)N,2.123851640967086,1.0988225936889648,-0.13325515389442444,1.082697868347168
841,S4TJ23_wild,CC(C(=O)O)NC(=O)C1CCCN1C(=O)C(CO)N,2.367355921026019,1.130764365196228,-0.1286846548318863,1.064931035041809
842,S4TJ23_wild,CC(C(=O)O)NC(=O)C1CCCN1C(=O)C(CC2=CC=C(C=C2)O)N,2.161368002234975,1.2528650760650635,-0.29608243703842163,1.5197312831878662
843,S4TJ23_wild,CC(C(=O)N1CCCC1C(=O)NC(CCCN=C(N)N)C(=O)O)N,1.7573960287930241,0.6544698476791382,-0.5082625150680542,0.9985519647598267
844,Q16790_wild,C(=O)=O,7.3979400086720375,2.787914276123047,1.1219844818115234,1.7269694805145264
845,Q8IHW5_wild,C(=O)=O,5.57978359661681,1.722514271736145,0.8700162768363953,1.4724639654159546
846,Q5U9J1_wild,C(=O)=O,5.113943352306837,4.097598552703857,0.8936432600021362,2.2562975883483887
847,Q8IHW5_wild,C(=O)(O)O,5.57978359661681,1.4983025789260864,1.1577152013778687,0.8186843991279602
848,B9J8U1_wild,C(C(C(C(C(=O)[O-])O)O)O)O,1.1818435879447726,1.950999140739441,0.40198051929473877,0.963843584060669
849,B9J8U1_wild,C(C(C(C(C(C(=O)[O-])O)O)O)O)O,1.3502480183341627,1.8458703756332397,0.37056493759155273,0.9651226997375488
850,B9J8U1_wild,C(C(C(C(=O)O)O)O)O,0.6232492903979004,1.9225023984909058,0.39241939783096313,0.7221100926399231
851,P00344_wild,CC(=O)C(=O)[O-],2.3979400086720375,2.2569148540496826,-0.12047091126441956,1.2130155563354492
852,P00344_wild,C1=CC(=C[N+](=C1)C2C(C(C(O2)COP(=O)([O-])OP(=O)(O)OCC3C(C(C(O3)N4C=NC5=C(N=CN=C54)N)O)O)O)O)C(=O)N,1.505149978319906,1.5187280178070068,-0.5896223783493042,1.560365080833435
853,Q5SJA1_wild,CC(=O)C(=O)[O-],2.829946695941636,2.2665669918060303,-0.25341227650642395,1.6669739484786987
854,A0A1A6GB48_wild,CC(=O)C(=O)[O-],3.204119982655925,2.470792531967163,0.10421296954154968,1.2576696872711182
855,A0A2K9Y5T7_wild,C1=CC(=C(C=C1CC(=O)C(=O)[O-])O)O,-0.5331323796458906,0.9481757283210754,-0.23306593298912048,1.0695130825042725
856,A0A2K9Y5T7_wild,CC(=O)C(=O)[O-],1.095169351431755,1.7160757780075073,0.24836644530296326,1.0294880867004395
857,A0A2K9Y5T7_wild,C1C=CN(C=C1C(=O)N)C2C(C(C(O2)COP(=O)(O)OP(=O)(O)OCC3C(C(C(O3)N4C=NC5=C(N=CN=C54)N)OP(=O)(O)O)O)O)O,1.015778756389041,0.9137173891067505,-1.1339361667633057,1.881197214126587
858,A0A2K9Y5T7_wild,C1C=CN(C=C1C(=O)N)C2C(C(C(O2)COP(=O)(O)OP(=O)(O)OCC3C(C(C(O3)N4C=NC5=C(N=CN=C54)N)O)O)O)O,1.8090207204836726,1.0875195264816284,-0.9805994629859924,1.7899935245513916
859,A0A2U9AUU1_wild,C1=CC=C(C=C1)CC(=O)C(=O)O,3.8107028609471167,1.9035414457321167,0.09318649768829346,1.706581711769104
860,A0A2U9AUU1_Q88R,C1=CC=C(C=C1)CC(=O)C(=O)O,4.242516582365605,1.987697720527649,0.032209593802690506,1.7801513671875
861,A0A2U9AUU1_I229A,C1=CC=C(C=C1)CC(=O)C(=O)O,3.111598524880394,1.8322190046310425,0.12946172058582306,1.6295613050460815
862,A0A0H2YQI3_wild,CC1C(C(C(C(O1)OC2C(C(OC(C2OC3C(C(C(C(O3)CO)O)O)O)CO)O)NC(=O)C)O)O)O,1.3729120029701067,1.3886901140213013,-0.033364418894052505,0.9233383536338806
863,A0A0H2YQI3_wild,CC1C(C(C(C(O1)OC2C(OC(C(C2OC3C(C(C(C(O3)CO)O)O)O)NC(=O)C)O)CO)O)O)O,1.429752280002408,1.4172364473342896,-0.07492054998874664,0.9700241684913635
864,Q9HTD7_wild,C1=CC=C(C=C1)CC(C(=O)O)N,0.9031985470429784,0.897062361240387,-0.2143711894750595,1.2929589748382568
865,Q9HTD7_wild,C(C(C(=O)O)N)C(=O)O,0.6909045540549666,0.8723085522651672,0.47575482726097107,0.9972875118255615
866,Q9HTD7_wild,C(=CC(=O)[O-])C(=O)[O-],1.13481437032046,1.8098132610321045,-0.3283228576183319,1.469010353088379
867,Q60I38_wild,C(C(C(=O)O)N)OP(=O)(O)O,-0.2041199826559248,0.6469624638557434,-1.2486926317214966,1.1050959825515747
868,P74281_wild,C(CC(=O)O)C(C(=O)O)N,0.3961993470957364,1.5043095350265503,0.8727682828903198,0.657709538936615
869,E5BBQ3_wild,C1=CC(=CC=C1C(=O)O)C(=O)OCCOC(=O)C2=CC=C(C=C2)C(=O)O,-0.5086383061657274,1.1518670320510864,0.2258090078830719,0.5733035802841187
870,E5BBQ3_wild,C1=CC(=C(C(=C1C(=O)O)CCO)CCO)C(=O)O,1.428134794028789,0.6076073050498962,0.06839784979820251,0.31187617778778076
871,P14756_wild,CC(C(=O)NC(C)C(=O)NC(C)C(=O)NC(C)C(=O)O)N,2.3979400086720375,2.3125412464141846,0.5075166821479797,1.3618354797363281
872,Q9BV86_wild,C[S+](CCC(C(=O)[O-])N)CC1C(C(C(O1)N2C=NC3=C(N=CN=C32)N)O)O,-2.1249387366083,-0.37112462520599365,-1.538540005683899,1.0953011512756348
873,O64411_wild,C(CCNCCCN)CNCCCN,1.5943925503754266,0.7974118590354919,-0.7951602935791016,1.4563803672790527
874,O64411_wild,C(CCNCCCN)CN,1.7411515988517852,0.7936233878135681,-0.9213690757751465,1.4455780982971191
875,Q0J290_wild,C(CN)CNCCCN,0.36172783601759284,0.6588121652603149,-0.41275593638420105,1.3610939979553223
876,Q0J290_wild,C(CN)CNCCCNCCCN,0.9542425094393249,0.6135500073432922,-0.7377272844314575,1.397196650505066
877,Q0J290_wild,CC(=O)NCCCNCCCCN,0.9912260756924949,1.1290879249572754,-0.5159114599227905,1.5883125066757202
878,Q0J290_wild,CC(=O)NCCCNCCCCNCCCN,1.3117538610557542,0.7939751744270325,-0.5949926972389221,1.5894920825958252
879,Q0J290_wild,C(CCNCCCNCCCN)CN,0.8920946026904804,0.6567123532295227,-1.1187138557434082,1.6592888832092285
880,Q0J290_wild,C(CCNCCCN)CN,2.459241664878082,0.910262405872345,-0.8221741914749146,1.4828046560287476
881,Q0J290_wild,C(CCNCCCN)CNCCCN,1.513217600067939,0.9517789483070374,-0.6721336841583252,1.474955439567566
882,P32746_wild,C1C(NC(=O)NC1=O)C(=O)O,0.9138138523837167,0.3934020698070526,-1.1964513063430786,1.8736274242401123
883,Q874I4_wild,C1C(NC(=O)NC1=O)C(=O)O,0.3424226808222063,0.2747575640678406,-0.8293808102607727,1.3920137882232666
884,Q02127_wild,C1C(NC(=O)NC1=O)C(=O)O,-0.10790539730951958,0.26753365993499756,-1.4921990633010864,2.0539965629577637
885,I7EMP0_wild,C1C(NC(=O)NC1=O)C(=O)O,1.8750612633917,0.4742520749568939,-0.9302510023117065,1.8467077016830444
886,M1BCR0_wild,C1C(NC(=O)NC1=O)C(=O)O,1.4771212547196624,0.20327533781528473,-1.2490094900131226,1.8535430431365967
887,Q47RA9_R55S,C1C=CN(C=C1C(=O)N)C2C(C(C(O2)COP(=O)(O)OP(=O)(O)OCC3C(C(C(O3)N4C=NC5=C(N=CN=C54)N)OP(=O)(O)O)O)O)O,0.8388490907372553,0.9814424514770508,0.7321624755859375,0.6310962438583374
888,Q47RA9_R51V,C1C=CN(C=C1C(=O)N)C2C(C(C(O2)COP(=O)(O)OP(=O)(O)OCC3C(C(C(O3)N4C=NC5=C(N=CN=C54)N)OP(=O)(O)O)O)O)O,0.5314789170422551,0.9872782826423645,0.6864804029464722,0.6294775009155273
889,Q47RA9_T28A,C1C=CN(C=C1C(=O)N)C2C(C(C(O2)COP(=O)(O)OP(=O)(O)OCC3C(C(C(O3)N4C=NC5=C(N=CN=C54)N)OP(=O)(O)O)O)O)O,1.146128035678238,0.9650856256484985,0.6752868294715881,0.6196842193603516
890,Q47RA9_wild,C1C=CN(C=C1C(=O)N)C2C(C(C(O2)COP(=O)(O)OP(=O)(O)OCC3C(C(C(O3)N4C=NC5=C(N=CN=C54)N)OP(=O)(O)O)O)O)O,0.3424226808222063,0.9724027514457703,0.671334981918335,0.6305704712867737
891,Q47RA9_S50E/R55A,C1C=CN(C=C1C(=O)N)C2C(C(C(O2)COP(=O)(O)OP(=O)(O)OCC3C(C(C(O3)N4C=NC5=C(N=CN=C54)N)OP(=O)(O)O)O)O)O,0.36172783601759284,0.7412078976631165,0.7277973890304565,0.46878117322921753
892,Q47RA9_R55A,C1C=CN(C=C1C(=O)N)C2C(C(C(O2)COP(=O)(O)OP(=O)(O)OCC3C(C(C(O3)N4C=NC5=C(N=CN=C54)N)OP(=O)(O)O)O)O)O,0.9444826721501687,0.9716362953186035,0.7317764759063721,0.6330607533454895
893,Q47RA9_R51A/R55V,C1C=CN(C=C1C(=O)N)C2C(C(C(O2)COP(=O)(O)OP(=O)(O)OCC3C(C(C(O3)N4C=NC5=C(N=CN=C54)N)OP(=O)(O)O)O)O)O,0.505149978319906,0.9874609708786011,0.718796968460083,0.6396731734275818
894,Q47RA9_T28A/R55A,C1C=CN(C=C1C(=O)N)C2C(C(C(O2)COP(=O)(O)OP(=O)(O)OCC3C(C(C(O3)N4C=NC5=C(N=CN=C54)N)OP(=O)(O)O)O)O)O,0.3979400086720376,0.9769080281257629,0.733931303024292,0.6289262771606445
895,Q47RA9_S50Q,C1C=CN(C=C1C(=O)N)C2C(C(C(O2)COP(=O)(O)OP(=O)(O)OCC3C(C(C(O3)N4C=NC5=C(N=CN=C54)N)OP(=O)(O)O)O)O)O,0.6232492903979004,0.8850302696228027,0.6663325428962708,0.595099925994873
896,Q47RA9_S50E/R55V,C1C=CN(C=C1C(=O)N)C2C(C(C(O2)COP(=O)(O)OP(=O)(O)OCC3C(C(C(O3)N4C=NC5=C(N=CN=C54)N)OP(=O)(O)O)O)O)O,0.25527250510330607,0.7296043038368225,0.6892613172531128,0.47998344898223877
897,Q47RA9_R51E/R55S,C1C=CN(C=C1C(=O)N)C2C(C(C(O2)COP(=O)(O)OP(=O)(O)OCC3C(C(C(O3)N4C=NC5=C(N=CN=C54)N)OP(=O)(O)O)O)O)O,0.6901960800285137,0.8938000798225403,0.783597469329834,0.5344223976135254
898,Q43295_wild,C1=NC(=C2C(=N1)N(C=N2)C3C(C(C(O3)COP(=O)(O)OS(=O)(=O)O)O)O)N,2.4345689040341987,0.6525614261627197,-2.088075637817383,2.734032392501831
899,Q43295_C86A/C119A,C1=NC(=C2C(=N1)N(C=N2)C3C(C(C(O3)COP(=O)(O)OS(=O)(=O)O)O)O)N,2.3783979009481375,0.7316052317619324,-2.0643725395202637,2.782379388809204
900,Q43295_D136N,C1=NC(=C2C(=N1)N(C=N2)C3C(C(C(O3)COP(=O)(O)OS(=O)(=O)O)O)O)N,1.6532125137753437,0.2789970934391022,-1.976418375968933,2.3219709396362305
901,Q43295_D136A,C1=NC(=C2C(=N1)N(C=N2)C3C(C(C(O3)COP(=O)(O)OS(=O)(=O)O)O)O)N,1.462397997898956,0.25528496503829956,-2.0083649158477783,2.286928176879883
902,A0A0U1XRI2_wild,CC(=CCCC(=CCCC(=CCOP(=O)(O)OP(=O)(O)O)C)C)C,-0.5528419686577808,-1.4242888689041138,-2.1318280696868896,0.6275933384895325
903,A0A0U1XNG2_wild,CC(=CCCC(=CCCC(=CCOP(=O)(O)OP(=O)(O)O)C)C)C,-0.8860566476931633,-0.903717577457428,-2.022559404373169,0.8246836066246033
904,Q6YN71_S434A,CC(=CCCC(=CCCC(=CCOP(=O)(O)OP(=O)(O)O)C)C)C,-1.7695510786217261,-0.809443473815918,-2.0048444271087646,0.7911181449890137
905,Q6YN71_wild,CC(=CCCC(=CCCC(=CCOP(=O)(O)OP(=O)(O)O)C)C)C,-1.7958800173440752,-0.7976235747337341,-2.0100350379943848,0.8030730485916138
906,Q6YN71_A435T,CC(=CCCC(=CCCC(=CCOP(=O)(O)OP(=O)(O)O)C)C)C,-1.3565473235138126,-0.8032262921333313,-2.0148346424102783,0.8005510568618774
907,Q6YN71_T433A,CC(=CCCC(=CCCC(=CCOP(=O)(O)OP(=O)(O)O)C)C)C,-3.4559319556497243,-0.8062297701835632,-2.0090866088867188,0.7958091497421265
908,Q6YN71_T433A/A435T,CC(=CCCC(=CCCC(=CCOP(=O)(O)OP(=O)(O)O)C)C)C,-3.431798275933005,-0.8101707100868225,-2.013437271118164,0.7949202060699463
909,A0A075XFI8_wild,CN1CCCC1C2=CNC(=O)C=C2,1.4116197059632303,-0.48483091592788696,-0.551390528678894,0.5651434063911438
910,A0A075BSX9_wild,CN1CCCC1C2=CN=CC=C2,0.3074960379132129,-1.6028043031692505,-0.25893068313598633,-0.34685853123664856
911,Q9HZK1_wild,CSCC1C(C(C(O1)N2C=NC3=C2N=CNC3=O)O)O,0.6812412373755872,0.4698156416416168,-1.579614281654358,1.5867013931274414
912,Q9HZK1_wild,C1=NC2=C(C(=O)N1)N=CN2C3C(C(C(O3)CO)O)O,-0.24412514432750865,0.9665400385856628,-1.0927942991256714,1.6806529760360718
913,Q9HZK1_wild,C1=NC(=C2C(=N1)N(C=N2)C3C(C(C(O3)CO)O)O)N,-1.260427655549908,1.0603234767913818,-1.5137394666671753,1.8071681261062622
914,Q9HZK1_wild,C1=NC2=NC=NC(=C2N1)N,-1.260427655549908,0.5285906195640564,-1.3157598972320557,1.4474256038665771
915,P9WQB5_wild,CC(C)(C)OO,-1.2218487496163564,1.0382145643234253,-0.693875253200531,0.8970903754234314
916,P9WQB5_wild,OO,-1.0705810742857071,1.0389142036437988,-0.8668814897537231,1.6929601430892944
917,P9WQB5_wild,CC(C)(C1=CC=CC=C1)OO,-1.1739251972991736,0.6337334513664246,-1.1060506105422974,1.322191596031189
918,Q84DC4_F150W,C1=CC=C(C=C1)C(C(=O)N)O,1.6334684555795866,0.6756575703620911,-0.9846619963645935,1.6149413585662842
919,Q84DC4_F433A,C1=CC=C(C=C1)C(C(=O)N)O,1.3010299956639813,0.6526750326156616,-0.942395806312561,1.5672862529754639
920,Q84DC4_F433L,C1=CC=C(C=C1)C(C(=O)N)O,2.0211892990699383,0.6339623332023621,-0.963446855545044,1.575918436050415
921,Q84DC4_wild,C1=CC=C(C=C1)C(C(=O)N)O,2.1760912590556813,0.663444995880127,-0.9633787274360657,1.5984605550765991
922,Q84DC4_F433W,C1=CC=C(C=C1)C(C(=O)N)O,1.954242509439325,0.6547240614891052,-0.958364725112915,1.594704031944275
923,Q7Z029_wild,[O-]P(=O)([O-])OP(=O)([O-])[O-],2.5854607295085006,1.7189570665359497,-1.5803121328353882,2.4382858276367188
924,Q7Z031_wild,[O-]P(=O)([O-])OP(=O)([O-])[O-],2.0969100130080562,1.6989516019821167,-1.613366723060608,2.7522873878479004
925,E0Y3X1_wild,C1CC2C(=O)NC(C(=O)N2C1)CC3=CNC4=CC=CC=C43,-0.494850021680094,-0.37033596634864807,-0.6169809103012085,1.0315083265304565
926,E0Y3X1_wild,CC(=CCOP(=O)(O)OP(=O)(O)O)C,-0.37675070960209955,-1.0367136001586914,-0.9366423487663269,0.6161949038505554
927,I4AY86_wild,CC(C)CC1C(=O)NC(C(=O)N1)CC2=CNC3=CC=CC=C32,-1.853871964321762,-0.7578848004341125,-0.4631177484989166,0.5454177260398865
928,I4AY86_wild,C1CC2C(=O)NC(C(=O)N2C1)CC3=CNC4=CC=CC=C43,-0.5590909179347823,-0.4450867474079132,-0.6360469460487366,0.9682403802871704
929,I4AY86_wild,C1=CC=C2C(=C1)C(=CN2)CC3C(=O)NC(C(=O)N3)CC4=CC=C(C=C4)O,-2.2218487496163566,-1.3589222431182861,-1.282240390777588,0.5449556708335876
930,I4AY86_wild,CC(=CCOP(=O)(O)OP(=O)(O)O)C,-0.3098039199714864,-1.1456302404403687,-1.0752241611480713,0.5293395519256592
931,Q9UBV7_Y196F,CC1=CC(=O)OC2=C1C=CC(=C2)OC3C(C(C(CO3)O)O)O,-0.3010299956639812,-0.7178251147270203,-0.13637781143188477,0.3524889647960663
932,Q9UBV7_W224H,C1=CN(C(=O)NC1=O)C2C(C(C(O2)COP(=O)(O)OP(=O)(O)OC3C(C(C(C(O3)CO)O)O)O)O)O,-1.0,-0.6158379316329956,-0.654345691204071,0.4941462576389313
933,Q9UBV7_wild,C1=CN(C(=O)NC1=O)C2C(C(C(O2)COP(=O)(O)OP(=O)(O)OC3C(C(C(C(O3)CO)O)O)O)O)O,3.7063763558396903,-0.28668510913848877,-0.7545750141143799,0.7808026671409607
934,Q9UBV7_wild,CC1=CC(=O)OC2=C1C=CC(=C2)OC3C(C(C(CO3)O)O)O,3.61066016308988,-0.7291737198829651,-0.139139324426651,0.34478434920310974
935,Q9UBV7_R270K,CC1=CC(=O)OC2=C1C=CC(=C2)OC3C(C(C(CO3)O)O)O,-0.08618614761628333,-0.7245670557022095,-0.14416806399822235,0.3526117503643036
936,Q9UBV7_R270A,CC1=CC(=O)OC2=C1C=CC(=C2)OC3C(C(C(CO3)O)O)O,-0.11350927482751812,-0.722970724105835,-0.14133307337760925,0.3518860638141632
937,Q9UBV7_R226K,CC1=CC(=O)OC2=C1C=CC(=C2)OC3C(C(C(CO3)O)O)O,0.13033376849500614,-0.7240496873855591,-0.14066003262996674,0.35123226046562195
938,Q9UBV7_E227D,CC1=CC(=O)OC2=C1C=CC(=C2)OC3C(C(C(CO3)O)O)O,-0.8860566476931633,-0.9341536164283752,-0.11480414867401123,0.18235501646995544
939,Q9UBV7_E227D,C1=CN(C(=O)NC1=O)C2C(C(C(O2)COP(=O)(O)OP(=O)(O)OC3C(C(C(C(O3)CO)O)O)O)O)O,-0.3372421683184259,-0.5303375124931335,-0.7178395986557007,0.6097530126571655
940,Q9UBV7_Y199F,CC1=CC(=O)OC2=C1C=CC(=C2)OC3C(C(C(CO3)O)O)O,0.08278537031645007,-0.7157887816429138,-0.13666695356369019,0.3551730215549469
941,Q9UBV7_wild,C1C(C(C(C(O1)OC2=CC=C(C=C2)[N+](=O)[O-])O)O)O,3.7371926427047373,-0.629183292388916,0.081371009349823,0.5853359699249268
942,Q9UBV7_H195A,CC1=CC(=O)OC2=C1C=CC(=C2)OC3C(C(C(CO3)O)O)O,0.28555730900777376,-0.7106323838233948,-0.13886255025863647,0.35082918405532837
943,Q9UBV7_R226A,CC1=CC(=O)OC2=C1C=CC(=C2)OC3C(C(C(CO3)O)O)O,-0.05060999335508721,-0.7000409960746765,-0.1420259177684784,0.3700751066207886
944,Q9UBV7_H195R,CC1=CC(=O)OC2=C1C=CC(=C2)OC3C(C(C(CO3)O)O)O,0.17318626841227405,-0.7220595479011536,-0.1429041028022766,0.34152963757514954
945,Q9UBV7_H195Q,CC1=CC(=O)OC2=C1C=CC(=C2)OC3C(C(C(CO3)O)O)O,0.20951501454263097,-0.7206716537475586,-0.14514301717281342,0.3464641571044922
946,P0ABK9_H264N,NO,3.4913616938342726,1.0372953414916992,1.745336651802063,0.9750463962554932
947,P0ABK9_wild,N(=O)[O-],3.130333768495006,1.8782817125320435,-0.9151195883750916,2.3880629539489746
948,P0ABK9_wild,NO,3.499687082618404,1.278821587562561,1.623144268989563,1.2194623947143555
949,Q9S1E5_wild,N(=O)[O-],2.8796692056320534,2.084192991256714,-1.3038080930709839,2.466001510620117
950,Q9S1E5_wild,NO,2.3324384599156054,1.2999118566513062,1.1055713891983032,1.3006057739257812
951,Q8EAC7_wild,N(=O)[O-],2.9159272116971158,2.1914687156677246,-1.2507179975509644,2.6386544704437256
952,Q8XM24_wild,CC(=O)NC1C(C(C(OC1OC2=CC=C(C=C2)[N+](=O)[O-])CO)O)O,-0.16115090926274472,0.2838693857192993,-0.10683399438858032,0.8174824714660645
953,A3REN3_wild,OO,4.903089986991944,3.825080156326294,1.255881428718567,2.4466795921325684
954,Q6LA34_wild,OO,4.4623979978989565,2.5387015342712402,1.0096055269241333,1.4687869548797607
955,Q8VRK8_wild,CC1(C(N2C(S1)C(C2=O)NC(=O)C(C3=CC=C(C=C3)O)N)C(=O)O)C,1.0,1.1696792840957642,-0.08033996820449829,1.5474090576171875
956,Q8VRK8_wild,CC1(C(N2C(S1)C(C2=O)NC(=O)C(C3=CC=CC=C3)N)C(=O)O)C,2.2095150145426308,1.313537836074829,-0.09966598451137543,1.6881293058395386
957,Q8VRK8_wild,C1=CC=C(C=C1)C(C(=O)N)N,1.6334684555795866,1.4698641300201416,0.5689042806625366,0.9118837118148804
958,Q8VRK8_wild,CC1=C(N2C(C(C2=O)NC(=O)C(C3=CC=C(C=C3)O)N)SC1)C(=O)O,0.9822712330395684,0.8292719721794128,-0.10617046058177948,1.6254732608795166
959,Q8VRK8_wild,CC1=C(N2C(C(C2=O)NC(=O)C(C3=CC=CC=C3)N)SC1)C(=O)O,2.5403294747908736,0.9235593676567078,-0.1333361119031906,1.7932417392730713
960,A0A1D8PQ07_wild,CC(CO)C(=O)[O-],0.3944516808262163,1.1725910902023315,0.027463261038064957,0.45697611570358276
961,A0A1D8PQ07_wild,C(C(C(=O)O)N)O,0.973589623427257,0.5236972570419312,0.9418442249298096,-0.07845863699913025
962,A0A1D8PQ07_wild,C(CO)C(=O)[O-],1.4909412053567868,1.106654167175293,0.2250058352947235,0.31059345602989197
963,J9PBS1_wild,C=CC#N,3.041392685158225,1.6201859712600708,2.3185503482818604,0.35607245564460754
964,Q81K97_wild,C1=NC(=C2C(=N1)N(C=N2)C3C(C(C(O3)COP(=O)(O)OP(=O)(O)OP(=O)(O)O)O)O)N,0.41830129131974547,-0.2560657262802124,-0.19976431131362915,0.7615581750869751
965,Q81K97_wild,CC(C)(COP(=O)(O)OP(=O)(O)OCC1C(C(C(O1)N2C=NC3=C(N=CN=C32)N)O)OP(=O)(O)O)C(C(=O)NCCC(=O)NCCS)O,0.41830129131974547,0.14760379493236542,-0.6452271342277527,1.0796184539794922
966,Q81K97_wild,C1=CC=C(C(=C1)C(=O)CCC(=O)O)C(=O)O,0.41830129131974547,-0.5574116706848145,-0.8161529302597046,1.0578733682632446
967,P23971_wild,C1=CC=C(C(=C1)C(=O)CCC(=O)O)C(=O)O,2.0791812460476247,-0.34178924560546875,-0.6701914668083191,0.9352514743804932
968,P23971_G157P,C1=NC(=C2C(=N1)N(C=N2)C3C(C(C(O3)COP(=O)(O)OP(=O)(O)OP(=O)(O)O)O)O)N,0.47712125471966244,-0.08731295168399811,0.18314358592033386,0.5399472713470459
969,P23971_T155A/T156A,CC(C)(COP(=O)(O)OP(=O)(O)OCC1C(C(C(O1)N2C=NC3=C(N=CN=C32)N)O)OP(=O)(O)O)C(C(=O)NCCC(=O)NCCS)O,-1.3010299956639813,0.25188949704170227,-0.21744176745414734,0.799357533454895
970,P23971_R382A,C1=CC=C(C(=C1)C(=O)CCC(=O)O)C(=O)O,-0.8239087409443188,-0.4255008101463318,-0.6195377111434937,0.8505106568336487
971,P23971_wild,C1=NC(=C2C(=N1)N(C=N2)C3C(C(C(O3)COP(=O)(O)OP(=O)(O)OP(=O)(O)O)O)O)N,2.0211892990699383,0.044156502932310104,0.17242470383644104,0.6671336889266968
972,P23971_T155A,C1=NC(=C2C(=N1)N(C=N2)C3C(C(C(O3)COP(=O)(O)OP(=O)(O)OP(=O)(O)O)O)O)N,-1.1135092748275182,-0.11200538277626038,0.2068827748298645,0.5147015452384949
973,P23971_G157P,CC(C)(COP(=O)(O)OP(=O)(O)OCC1C(C(C(O1)N2C=NC3=C(N=CN=C32)N)O)OP(=O)(O)O)C(C(=O)NCCC(=O)NCCS)O,0.6334684555795865,0.365303635597229,-0.2959294021129608,0.9487959146499634
974,P23971_G154P,CC(C)(COP(=O)(O)OP(=O)(O)OCC1C(C(C(O1)N2C=NC3=C(N=CN=C32)N)O)OP(=O)(O)O)C(C(=O)NCCC(=O)NCCS)O,0.3364597338485295,0.3320651054382324,-0.28044211864471436,0.9072521924972534
975,P23971_G154P,C1=CC=C(C(=C1)C(=O)CCC(=O)O)C(=O)O,0.3364597338485295,-0.45810675621032715,-0.6589456796646118,0.8391823768615723
976,P23971_T155A,CC(C)(COP(=O)(O)OP(=O)(O)OCC1C(C(C(O1)N2C=NC3=C(N=CN=C32)N)O)OP(=O)(O)O)C(C(=O)NCCC(=O)NCCS)O,-0.9871627752948278,0.3462527096271515,-0.258634090423584,0.9160505533218384
977,P23971_T155A,C1=CC=C(C(=C1)C(=O)CCC(=O)O)C(=O)O,-0.9030899869919435,-0.46290168166160583,-0.6516324877738953,0.8359200954437256
978,P23971_T152A,CC(C)(COP(=O)(O)OP(=O)(O)OCC1C(C(C(O1)N2C=NC3=C(N=CN=C32)N)O)OP(=O)(O)O)C(C(=O)NCCC(=O)NCCS)O,-0.6861327796308466,0.31115585565567017,-0.24917027354240417,0.9016287326812744
979,P23971_R382K,CC(C)(COP(=O)(O)OP(=O)(O)OCC1C(C(C(O1)N2C=NC3=C(N=CN=C32)N)O)OP(=O)(O)O)C(C(=O)NCCC(=O)NCCS)O,-0.790484985457369,0.4028741419315338,-0.2812238931655884,0.9712002277374268
980,P23971_R382K,C1=NC(=C2C(=N1)N(C=N2)C3C(C(C(O3)COP(=O)(O)OP(=O)(O)OP(=O)(O)O)O)O)N,-0.7878123955960422,-0.051810745149850845,0.18010634183883667,0.5733964443206787
981,P23971_R382A,CC(C)(COP(=O)(O)OP(=O)(O)OCC1C(C(C(O1)N2C=NC3=C(N=CN=C32)N)O)OP(=O)(O)O)C(C(=O)NCCC(=O)NCCS)O,-0.5482135644757098,0.34585970640182495,-0.24759984016418457,0.8946636915206909
982,P23971_G154P,C1=NC(=C2C(=N1)N(C=N2)C3C(C(C(O3)COP(=O)(O)OP(=O)(O)OP(=O)(O)O)O)O)N,0.21748394421390627,-0.13118089735507965,0.19924771785736084,0.5095177292823792
983,P23971_T152A,C1=CC=C(C(=C1)C(=O)CCC(=O)O)C(=O)O,-0.8632794328435932,-0.48696041107177734,-0.6312671303749084,0.8192589282989502
984,P23971_T156A,CC(C)(COP(=O)(O)OP(=O)(O)OCC1C(C(C(O1)N2C=NC3=C(N=CN=C32)N)O)OP(=O)(O)O)C(C(=O)NCCC(=O)NCCS)O,-0.8386319977650252,0.3887244462966919,-0.2678798735141754,0.9623586535453796
985,P23971_T155A/T156A,C1=NC(=C2C(=N1)N(C=N2)C3C(C(C(O3)COP(=O)(O)OP(=O)(O)OP(=O)(O)O)O)O)N,-1.3467874862246563,-0.21700383722782135,0.24360373616218567,0.4046914577484131
986,P23971_T155A/T156A,C1=CC=C(C(=C1)C(=O)CCC(=O)O)C(=O)O,-1.3467874862246563,-0.5487660765647888,-0.6273815035820007,0.7565187215805054
987,P23971_T152A,C1=NC(=C2C(=N1)N(C=N2)C3C(C(C(O3)COP(=O)(O)OP(=O)(O)OP(=O)(O)O)O)O)N,-0.8696662315049939,-0.1534784883260727,0.2350916564464569,0.5024165511131287
988,P23971_G157P,C1=CC=C(C(=C1)C(=O)CCC(=O)O)C(=O)O,1.6690378008851559,-0.4324266314506531,-0.6647343039512634,0.8573929071426392
989,P23971_R382K,C1=CC=C(C(=C1)C(=O)CCC(=O)O)C(=O)O,-0.6420651529995463,-0.3915358781814575,-0.6620543003082275,0.8793362379074097
990,P23971_R382A,C1=NC(=C2C(=N1)N(C=N2)C3C(C(C(O3)COP(=O)(O)OP(=O)(O)OP(=O)(O)O)O)O)N,-0.6615435063953952,-0.1313195675611496,0.2146686613559723,0.5200417637825012
991,P23971_T156A,C1=NC(=C2C(=N1)N(C=N2)C3C(C(C(O3)COP(=O)(O)OP(=O)(O)OP(=O)(O)O)O)O)N,-0.6716203965612623,-0.05836959555745125,0.19551017880439758,0.5623326301574707
992,P23971_T156A,C1=CC=C(C(=C1)C(=O)CCC(=O)O)C(=O)O,-0.6716203965612623,-0.4219356179237366,-0.6625474691390991,0.8688386678695679
993,P23971_wild,CC(C)(COP(=O)(O)OP(=O)(O)OCC1C(C(C(O1)N2C=NC3=C(N=CN=C32)N)O)OP(=O)(O)O)C(C(=O)NCCC(=O)NCCS)O,2.085290578230065,0.4657416343688965,-0.2886013984680176,1.0611393451690674
994,P05465_wild,C(C1C(C(C(C(O1)OC2C(OC(C(C2O)O)O)CO)O)O)O)O,3.204119982655925,2.077420473098755,-0.6522742509841919,1.811333179473877
995,Q60FX6_wild,C1=CC(=C(C(=C1)[O-])C(=O)O)O,1.3010299956639813,0.6808120012283325,0.5656683444976807,0.5333977341651917
996,Q60FX6_wild,CC1=CC(=CC(=C1)O)O,0.6972293427597176,0.2691856920719147,0.9245927333831787,-0.04515025019645691
997,Q60FX6_wild,C1=CC(=C(C(=C1)O)C=CC2=CC(=CC(=C2)O)O)O,-0.48017200622428124,0.08828802406787872,0.04496372118592262,0.5221665501594543
998,Q60FX6_wild,C1=CC=C(C(=C1)O)O,-0.8507808873446201,1.0289700031280518,0.830551266670227,0.38086360692977905
999,Q60FX6_wild,C1=CC(=CC=C1C=CC2=CC(=CC(=C2)O)O)O,-0.1414628024303609,0.3146127164363861,0.0054601021111011505,0.378638356924057
1000,Q60FX6_wild,C1=CC(=CC(=C1)O)O,-0.243363891754152,0.6079875826835632,1.2313998937606812,-0.05737605690956116
1001,Q12BV1_wild,C1=CC(=C(C(=C1)O)[O-])C(=O)O,-0.3279021420642826,0.8053003549575806,0.35547780990600586,0.4955926537513733
1002,Q12BV1_wild,C1=CC(=C(C(=C1)[O-])C(=O)O)O,-0.3565473235138126,0.6826489567756653,0.6154690384864807,0.5667004585266113
1003,P55212_wild,CC(C)C(C(=O)NC(CC(=O)O)C(=O)NC1=CC2=C(C=C1)C(=CC(=O)O2)C(F)(F)F)NC(=O)C(CCC(=O)O)NC(=O)C(CC(=O)O)NC(=O)C,0.505149978319906,1.4851157665252686,-1.0058809518814087,1.0177325010299683
1004,P55212_wild,CC1=CC(=O)OC2=C1C=CC(=C2)NC(=O)C(CC(=O)O)NC(=O)C(C(C)C)NC(=O)C(CCC(=O)O)NC(=O)C(CC(=O)O)NC(=O)C,0.7403626894942439,1.9277822971343994,-1.117415428161621,1.2678800821304321
1005,P16930_wild,C(C(=O)CC(=O)O)C(=O)C=CC(=O)O,-1.0,1.3732351064682007,-1.350773572921753,1.9868805408477783
1006,Q46079_wild,CC(=O)NC1C(C(C(OC1O)CO)OS(=O)(=O)[O-])OC2C(C(C(C(O2)C(=O)[O-])O)O)O,2.6127838567197355,1.1593612432479858,-2.00184965133667,1.4452850818634033
1007,Q46079_E333A,CC(=O)NC1C(C(C(OC1O)CO)OS(=O)(=O)[O-])OC2C(C(C(C(O2)C(=O)[O-])O)O)O,0.6627578316815741,1.1269279718399048,-1.9984716176986694,1.4251759052276611
1008,Q46079_H272A,CC(=O)NC1C(C(C(OC1O)CO)OS(=O)(=O)[O-])OC2C(C(C(C(O2)C(=O)[O-])O)O)O,1.462397997898956,1.161116600036621,-2.0056982040405273,1.4428398609161377
1009,Q46079_R363A,CC(=O)NC1C(C(C(OC1O)CO)OS(=O)(=O)[O-])OC2C(C(C(C(O2)C(=O)[O-])O)O)O,2.606381365110605,1.1973170042037964,-1.979099154472351,1.4816218614578247
1010,Q15JG7_wild,C(CC(=O)O)C(=O)C(=O)O,-0.01322826573375516,-0.8532320857048035,-0.7777191400527954,0.25976333022117615
1011,Q15JG7_wild,C1C(C(C(C(C1NC2C=C(C(C(C2O)O)O)CO)O)O)OC3C(C(C(C(O3)CO)O)O)O)CO,-0.01322826573375516,-1.296136498451233,-0.1231854110956192,-0.3508845567703247
1012,C8P490_P193Y,CC(=O)C(=O)[O-],-0.004364805402450088,1.4433683156967163,0.38318923115730286,0.43457505106925964
1013,C8P490_G210S/Y213G,CC(=O)C(=O)[O-],0.47712125471966244,1.4235907793045044,0.3592778444290161,0.442888081073761
1014,C8P490_G210S/Y213G,CC(=O)NC1C(C(C(OC1O)CO)O)O,1.1846914308175989,1.2596204280853271,1.4005013704299927,0.0022184550762176514
1015,C8P490_G210S/Y213G,CC(=O)NC1C(CC(OC1C(C(CO)O)O)(C(=O)O)O)O,-0.3279021420642826,0.8867358565330505,0.2782041132450104,0.36568430066108704
1016,C8P490_wild,CC(=O)NC1C(CC(OC1C(C(CO)O)O)(C(=O)O)O)O,0.2787536009528289,0.9436657428741455,0.24508515000343323,0.3696866035461426
1017,C8P490_wild,CC(=O)NC1C(C(C(OC1O)CO)O)O,0.7323937598229685,1.3185429573059082,1.376855731010437,-0.003798842430114746
1018,C8P490_P193Y,CC(=O)NC1C(C(C(OC1O)CO)O)O,0.38021124171160603,1.2867413759231567,1.4382768869400024,-0.03898027539253235
1019,C8P490_P193Y,CC(=O)NC1C(CC(OC1C(C(CO)O)O)(C(=O)O)O)O,-0.8860566476931633,0.9294354319572449,0.30782851576805115,0.3326341509819031
1020,C8P490_wild,CC(=O)C(=O)[O-],0.7481880270062004,1.4860957860946655,0.32114118337631226,0.4794480800628662
1021,C8P490_G211S,CC(=O)NC1C(CC(OC1C(C(CO)O)O)(C(=O)O)O)O,-1.494850021680094,0.9551228880882263,0.22515049576759338,0.3636973798274994
1022,Q06241_wild,[Co+2],1.8388490907372552,-0.0521497018635273,-0.919273853302002,1.5947396755218506
1023,Q06241_wild,[Zn+2],1.4771212547196624,0.15767468512058258,-1.195919156074524,1.9248108863830566
1024,Q06241_wild,CC(C(=O)NC(CO)C(=O)O)N,0.25527250510330607,0.26097995042800903,0.25181952118873596,0.5709673166275024
1025,Q06241_wild,CC(C(=O)NC(C)C(=O)O)N,0.6720978579357175,0.24824576079845428,0.19607576727867126,0.6581974029541016
1026,Q06241_wild,[Fe+2],2.1931245983544616,-0.4017097055912018,-0.9975680112838745,1.2222626209259033
1027,Q06241_wild,[Ni+2],2.8965262174895554,0.11746354401111603,-0.4621930420398712,1.472486972808838
1028,B5GS26_wild,CC(=CCCC(=CCCC(=CCOP(=O)(O)OP(=O)(O)O)C)C)C,-2.9430951486635273,-2.408233880996704,-2.9102988243103027,0.6498011350631714
1029,O60701_wild,C1=CN(C(=O)NC1=O)C2C(C(C(O2)COP(=O)(O)OP(=O)(O)OC3C(C(C(C(O3)CO)O)O)O)O)O,2.0211892990699383,0.5468421578407288,-0.8815988302230835,1.3475826978683472
1030,O60701_A104L,C1=CN(C(=O)NC1=O)C2C(C(C(O2)COP(=O)(O)OP(=O)(O)OC3C(C(C(C(O3)CO)O)O)O)O)O,-0.08618614761628333,0.21006810665130615,-0.8650145530700684,1.110832929611206
1031,O60701_A136M,C1=CN(C(=O)NC1=O)C2C(C(C(O2)COP(=O)(O)OP(=O)(O)OC3C(C(C(C(O3)CO)O)O)O)O)O,-0.1366771398795441,0.48173314332962036,-0.8828884363174438,1.3108153343200684
1032,O60701_A104L,C1=CC(=C[N+](=C1)C2C(C(C(O2)COP(=O)([O-])OP(=O)(O)OCC3C(C(C(O3)N4C=NC5=C(N=CN=C54)N)O)O)O)O)C(=O)N,-0.10237290870955856,0.5912849307060242,-0.8903017044067383,1.3090729713439941
1033,O60701_A136M,C1=CC(=C[N+](=C1)C2C(C(C(O2)COP(=O)([O-])OP(=O)(O)OCC3C(C(C(O3)N4C=NC5=C(N=CN=C54)N)O)O)O)O)C(=O)N,-0.08092190762392612,0.9012134075164795,-0.955814778804779,1.5210528373718262
1034,O60701_wild,C1=CC(=C[N+](=C1)C2C(C(C(O2)COP(=O)([O-])OP(=O)(O)OCC3C(C(C(O3)N4C=NC5=C(N=CN=C54)N)O)O)O)O)C(=O)N,2.0211892990699383,0.9605889916419983,-0.9602335691452026,1.5616447925567627
1035,O60701_K94E,C1=CC(=C[N+](=C1)C2C(C(C(O2)COP(=O)([O-])OP(=O)(O)OCC3C(C(C(O3)N4C=NC5=C(N=CN=C54)N)O)O)O)O)C(=O)N,-1.2596373105057561,0.8344927430152893,-0.9421132206916809,1.4562366008758545
1036,O60701_K94E,C1=CN(C(=O)NC1=O)C2C(C(C(O2)COP(=O)(O)OP(=O)(O)OC3C(C(C(C(O3)CO)O)O)O)O)O,-1.6989700043360187,0.4120020270347595,-0.883709728717804,1.2499923706054688
1037,O60701_E161Q,C1=CN(C(=O)NC1=O)C2C(C(C(O2)COP(=O)(O)OP(=O)(O)OC3C(C(C(C(O3)CO)O)O)O)O)O,-2.853871964321762,0.008326571434736252,-0.8518184423446655,0.9577209949493408
1038,Q19905_wild,C1=CC(=C[N+](=C1)C2C(C(C(O2)COP(=O)([O-])OP(=O)(O)OCC3C(C(C(O3)N4C=NC5=C(N=CN=C54)N)O)O)O)O)C(=O)N,0.23044892137827394,0.6808499097824097,-0.9927834868431091,1.5379287004470825
1039,Q19905_wild,C1=CN(C(=O)NC1=O)C2C(C(C(O2)COP(=O)(O)OP(=O)(O)OC3C(C(C(C(O3)CO)O)O)O)O)O,0.08990511143939793,0.5070562958717346,-1.0474895238876343,1.3901442289352417
1040,Q9A3V8_D176E,C1=CC=C(C=C1)C(C(C(=O)O)N)O,-1.0,1.0265512466430664,0.6850333213806152,0.7390711307525635
1041,Q9A3V8_D95Y/E96T,C1=CC=C(C=C1)C(C(C(=O)O)N)O,0.4471580313422192,1.1034700870513916,0.5980271100997925,0.8309550881385803
1042,Q9A3V8_D95N/E96S,C1=CC=C(C=C1)C(C(C(=O)O)N)O,0.7403626894942439,1.2114092111587524,0.5809602737426758,0.8837858438491821
1043,Q9A3V8_D95M,C1=CC=C(C=C1)C(C(C(=O)O)N)O,1.3222192947339193,1.2795201539993286,0.6145077347755432,0.9825667142868042
1044,Q9A3V8_D95C,C1=CC=C(C=C1)C(C(C(=O)O)N)O,1.3424226808222062,1.2762051820755005,0.6018221378326416,0.961706817150116
1045,Q9A3V8_D95W,C1=CC=C(C=C1)C(C(C(=O)O)N)O,-0.10790539730951958,1.2576117515563965,0.6125587224960327,0.9685894250869751
1046,Q9A3V8_D95Y,C1=CC=C(C=C1)C(C(C(=O)O)N)O,1.146128035678238,1.2538795471191406,0.6124494075775146,0.9465304613113403
1047,Q9A3V8_D95G/E96G,C1=CC=C(C=C1)C(C(C(=O)O)N)O,0.8325089127062363,1.0914465188980103,0.6250690221786499,0.7971013188362122
1048,Q9A3V8_D95L,C1=CC=C(C=C1)C(C(C(=O)O)N)O,1.3617278360175928,1.278693675994873,0.6174219846725464,0.984039306640625
1049,Q9A3V8_wild,C1=CC=C(C=C1)C(C(C(=O)O)N)O,1.8286598965353198,1.2954093217849731,0.6257774829864502,0.958875834941864
1050,Q9UBV7_Y196F,C1=CN(C(=O)NC1=O)C2C(C(C(O2)COP(=O)(O)OP(=O)(O)OC3C(C(C(C(O3)CO)O)O)O)O)O,-0.3010299956639812,-0.28170937299728394,-0.7497713565826416,0.7889935970306396
1051,Q9UBV7_R270K,C1=CN(C(=O)NC1=O)C2C(C(C(O2)COP(=O)(O)OP(=O)(O)OC3C(C(C(C(O3)CO)O)O)O)O)O,-0.08618614761628333,-0.2780953645706177,-0.7593053579330444,0.7919849753379822
1052,Q9UBV7_R270A,C1=CN(C(=O)NC1=O)C2C(C(C(O2)COP(=O)(O)OP(=O)(O)OC3C(C(C(C(O3)CO)O)O)O)O)O,-0.11350927482751812,-0.26742416620254517,-0.7548986673355103,0.7917413711547852
1053,Q9UBV7_R226K,C1=CN(C(=O)NC1=O)C2C(C(C(O2)COP(=O)(O)OP(=O)(O)OC3C(C(C(C(O3)CO)O)O)O)O)O,0.13033376849500614,-0.2777555584907532,-0.7562950849533081,0.7863186597824097
1054,Q9UBV7_Y199F,C1=CN(C(=O)NC1=O)C2C(C(C(O2)COP(=O)(O)OP(=O)(O)OC3C(C(C(C(O3)CO)O)O)O)O)O,0.07918124604762482,-0.28357264399528503,-0.7508024573326111,0.7932398319244385
1055,Q9UBV7_H195A,C1=CN(C(=O)NC1=O)C2C(C(C(O2)COP(=O)(O)OP(=O)(O)OC3C(C(C(C(O3)CO)O)O)O)O)O,0.28555730900777376,-0.2650283873081207,-0.7501802444458008,0.7880551815032959
1056,Q9UBV7_R226A,C1=CN(C(=O)NC1=O)C2C(C(C(O2)COP(=O)(O)OP(=O)(O)OC3C(C(C(C(O3)CO)O)O)O)O)O,-0.05060999335508721,-0.24113456904888153,-0.751633882522583,0.8082467913627625
1057,Q9UBV7_H195R,C1=CN(C(=O)NC1=O)C2C(C(C(O2)COP(=O)(O)OP(=O)(O)OC3C(C(C(C(O3)CO)O)O)O)O)O,0.17318626841227405,-0.28011852502822876,-0.7553749680519104,0.7817850112915039
1058,Q9UBV7_H195Q,C1=CN(C(=O)NC1=O)C2C(C(C(O2)COP(=O)(O)OP(=O)(O)OC3C(C(C(C(O3)CO)O)O)O)O)O,0.20951501454263097,-0.279039204120636,-0.7589340209960938,0.7830973863601685
1059,Q43445_wild,CC(CCC=C(C)C)C1CCC2(C1(CCC34C2CCC5C3(C4)CCC(C5(C)C)O)C)C,-1.6989700043360187,-0.986744225025177,-1.2497726678848267,0.4236300587654114
1060,Q9FLN8_wild,C1=CC=C2C(=C1)C(=CN2)CC(=O)O,-1.5528419686577808,-0.8708233833312988,-1.3033581972122192,0.283141165971756
1061,Q0J998_wild,C[S+](CCC(C(=O)[O-])N)CC1C(C(C(O1)N2C=NC3=C(N=CN=C32)N)O)O,-1.6020599913279623,-0.7584201693534851,-1.5558278560638428,1.316754698753357
1062,Q0J998_wild,C1=CC=C2C(=C1)C(=CN2)CC(=O)O,-1.6020599913279623,-0.6413646340370178,-1.4286514520645142,0.6615395545959473
1063,Q1G9Z4_wild,C(C1C(C(C(C(O1)OC2C(OC(C(C2O)O)O)CO)O)O)O)O,1.6599162000698502,1.6686815023422241,0.6257153153419495,0.8504503965377808
1064,Q1G9Z4_E491A,C(C1C(C(C(C(O1)OC2C(OC(C(C2O)O)O)CO)O)O)O)O,1.665580991017953,1.652459979057312,0.6223700046539307,0.8429592251777649
1065,Q1G9Z4_wild,C1=CC=C(C(=C1)[N+](=O)[O-])OC2C(C(C(C(O2)CO)O)O)O,1.6739419986340878,2.0545871257781982,-0.4975138306617737,1.7708698511123657
1066,Q1G9Z4_E491A,C1=CC=C(C(=C1)[N+](=O)[O-])OC2C(C(C(C(O2)CO)O)O)O,1.6919651027673603,2.04175066947937,-0.49765676259994507,1.763832926750183
1067,Q97UB2_wild,C(C(C(C(C(C(=O)[O-])O)O)O)O)O,1.6857417386022637,0.8915588855743408,0.07548248767852783,1.0510008335113525
1068,Q97UB2_wild,C(C(C(=O)[O-])O)O,-1.5228787452803376,1.0819982290267944,-0.009864900261163712,0.9255759119987488
1069,Q97UB2_wild,CC(C)(C(C(=O)[O-])O)O,1.8796692056320536,0.9807506799697876,-0.1815502792596817,1.260965347290039
1070,A4YEH9_wild,CC(=O)CC(=O)SCCNC(=O)CCNC(=O)C(C(C)(C)COP(=O)(O)OP(=O)(O)OCC1C(C(C(O1)N2C=NC3=C(N=CN=C32)N)O)OP(=O)(O)O)O,3.0,1.35356605052948,-1.0554518699645996,1.851697564125061
1071,O50146_wild,[O-]P(=O)([O-])[O-],0.04139268515822508,0.5414690375328064,0.229629248380661,0.3606078326702118
1072,O50146_wild,C1=CC(=C[N+](=C1)C2C(C(C(O2)COP(=O)(O)OP(=O)(O)OCC3C(C(C(O3)N4C=NC5=C(N=CN=C54)N)OP(=O)(O)O)O)O)O)C(=O)N,0.07918124604762482,0.475394070148468,-0.8617902994155884,0.8097447156906128
1073,Q93SV9_wild,CC1=C(C2=CC3=NC(=CC4=NC(=CC5=C(C(=C(N5)C=C1N2)C=C)C)C(=C4CCC(=O)O)C)C(=C3C)CCC(=O)O)C=C,-3.522878745280338,-1.9098643064498901,-2.3396658897399902,0.7489058971405029
1074,Q93SV6_wild,CC1=C(C2=CC3=NC(=CC4=NC(=CC5=C(C(=C(N5)C=C1N2)C=C)C)C(=C4CCC(=O)O)C)C(=C3C)CCC(=O)O)C=C,-1.5228787452803376,-1.48111093044281,-2.1339192390441895,0.8889641165733337
1075,P0ADG4_H98F/R183A/R184A,C1(C(C(C(C(C1O)O)OP(=O)(O)O)O)O)O,0.7839035792727349,-0.08875392377376556,-0.6262968182563782,0.7871799468994141
1076,P0ADG4_R248A,C1(C(C(C(C(C1O)O)OP(=O)(O)O)O)O)O,-0.5734887386354247,0.27104970812797546,-0.7747087478637695,1.16987943649292
1077,P0ADG4_wild,C1(C(C(C(C(C1O)O)OP(=O)(O)O)O)O)O,0.8129133566428556,0.24762149155139923,-0.7883025407791138,1.1640684604644775
1078,P0ADG4_V249A,C1(C(C(C(C(C1O)O)OP(=O)(O)O)O)O)O,-0.7569619513137056,0.27185049653053284,-0.7684850096702576,1.1617183685302734
1079,P0ADG4_K251A,C1(C(C(C(C(C1O)O)OP(=O)(O)O)O)O)O,-0.7825160557860937,0.2861478626728058,-0.7946793437004089,1.180155634880066
1080,P0ADG4_R184A,C1(C(C(C(C(C1O)O)OP(=O)(O)O)O)O)O,0.07298474462793039,0.1299717277288437,-0.7142402529716492,1.0335686206817627
1081,P0ADG4_H98F,C1(C(C(C(C(C1O)O)OP(=O)(O)O)O)O)O,-0.2975694635544747,0.2934051752090454,-0.8013415932655334,1.196333646774292
1082,P0ADG4_R121A,C1(C(C(C(C(C1O)O)OP(=O)(O)O)O)O)O,-0.4329736338409397,0.25860530138015747,-0.7663837671279907,1.1602357625961304
1083,P0ADG4_R183A,C1(C(C(C(C(C1O)O)OP(=O)(O)O)O)O)O,-0.12667939818460122,0.2513401210308075,-0.7528895139694214,1.1463993787765503
1084,P0ADG4_R199A,C1(C(C(C(C(C1O)O)OP(=O)(O)O)O)O)O,-0.7011469235902933,0.22545669972896576,-0.7459844350814819,1.1174955368041992
1085,P0ADG4_R184I,C1(C(C(C(C(C1O)O)OP(=O)(O)O)O)O)O,-0.4473317838878068,0.12374980747699738,-0.7387650012969971,1.0375847816467285
1086,Q9H477_E202L,C1=NC(=C2C(=N1)N(C=N2)C3C(C(C(O3)COP(=O)(O)OP(=O)(O)OP(=O)(O)O)O)O)N,-1.3979400086720375,0.5588951706886292,-0.41107264161109924,0.6677839756011963
1087,Q9H477_E202L,C1C(C(C(C(O1)O)O)O)O,-1.3979400086720375,0.9106478095054626,-0.08763754367828369,0.29789572954177856
1088,Q9H477_wild,C1=NC(=C2C(=N1)N(C=N2)C3C(C(C(O3)COP(=O)(O)OP(=O)(O)OP(=O)(O)O)O)O)N,0.9912260756924949,0.9490134119987488,-0.49437639117240906,1.0452055931091309
1089,Q9H477_N199L,C1=NC(=C2C(=N1)N(C=N2)C3C(C(C(O3)COP(=O)(O)OP(=O)(O)OP(=O)(O)O)O)O)N,-2.0,0.572550356388092,-0.42732372879981995,0.7114375829696655
1090,Q9H477_N199L,C1C(C(C(C(O1)O)O)O)O,-2.0,0.950431764125824,-0.0864935964345932,0.3525626063346863
1091,Q9H477_wild,C1C(C(C(C(O1)O)O)O)O,1.0170333392987805,1.270962119102478,-0.12199363112449646,0.5890206098556519
1092,E9BIX7_wild,C1=NC(=C2C(=N1)N(C=N2)C3C(C(C(O3)COP(=O)(O)OP(=O)(O)OP(=O)(O)O)O)O)N,0.33243845991560533,1.0514761209487915,-0.6065516471862793,1.2873181104660034
1093,E9BIX7_wild,C1C(C(C(C(O1)O)O)O)O,0.35793484700045375,1.4812501668930054,-0.10532735288143158,1.0006909370422363
1094,E2IKQ9_wild,CC1=NC2=C(C=C1)C(=O)C=C(N2)C3=CC=CO3,0.8656960599160706,1.0129313468933105,-1.4190829992294312,2.4142467975616455
1095,Q5YXQ1_wild,C(=CC(=O)[O-])C(=O)[O-],0.4471580313422192,1.4251428842544556,-1.438536286354065,0.7470822334289551
1096,Q5YXQ1_Y133F,C(=CC(=O)[O-])C(=O)[O-],-0.494850021680094,1.4171380996704102,-1.4373260736465454,0.7471745014190674
1097,Q5YXQ1_C194S,C(=CC(=O)[O-])C(=O)[O-],-3.4559319556497243,1.3391250371932983,-1.4284011125564575,0.6875509023666382
1098,Q5YXQ1_C76S,C(=CC(=O)[O-])C(=O)[O-],-2.721246399047171,1.3381309509277344,-1.4124380350112915,0.6979912519454956
1099,Q99497_wild,C1=CC=C(C=C1)C(=O)C=O,-1.5654310959658013,0.9658603072166443,0.9813379049301147,0.759388267993927
1100,Q46948_wild,CC(=O)C=O,-1.0969100130080565,0.4956705570220947,1.2497109174728394,0.08976411819458008
1101,Q9UXG1_V324A,C1=NC(=C2C(=N1)N(C=N2)C3C(C(C(O3)COP(=O)(O)OP(=O)(O)OP(=O)(O)O)O)O)N,-1.3979400086720375,-1.134800672531128,-3.11399507522583,1.5702471733093262
1102,Q9UXG1_I555D/L556S/I557D/E202G/E203G/V204G,C1=NC(=C2C(=N1)N(C=N2)C3C(C(C(O3)COP(=O)(O)OP(=O)(O)OP(=O)(O)O)O)O)N,-1.3279021420642825,-1.3726938962936401,-2.987675189971924,1.4626553058624268
1103,Q9UXG1_E326A,C1=NC(=C2C(=N1)N(C=N2)C3C(C(C(O3)COP(=O)(O)OP(=O)(O)OP(=O)(O)O)O)O)N,-1.3187587626244128,-1.1563420295715332,-3.1185545921325684,1.5592845678329468
1104,Q9UXG1_L325A,C1=NC(=C2C(=N1)N(C=N2)C3C(C(C(O3)COP(=O)(O)OP(=O)(O)OP(=O)(O)O)O)O)N,-1.0969100130080565,-1.1238919496536255,-3.1208784580230713,1.579817533493042
1105,Q9UXG1_T550G/P551G/D552G/S553G/P554G,C1=NC(=C2C(=N1)N(C=N2)C3C(C(C(O3)COP(=O)(O)OP(=O)(O)OP(=O)(O)O)O)O)N,-1.2839966563652008,-1.1830817461013794,-3.0985946655273438,1.5866315364837646
1106,Q9UXG1_E326A/D327A,C1=NC(=C2C(=N1)N(C=N2)C3C(C(C(O3)COP(=O)(O)OP(=O)(O)OP(=O)(O)O)O)O)N,-1.4814860601221125,-1.1834473609924316,-3.1186084747314453,1.5510938167572021
1107,Q9UXG1_V324A/L325A,C1=NC(=C2C(=N1)N(C=N2)C3C(C(C(O3)COP(=O)(O)OP(=O)(O)OP(=O)(O)O)O)O)N,-1.1870866433571443,-1.1343884468078613,-3.112879991531372,1.5741596221923828
1108,Q9UXG1_D327A,C1=NC(=C2C(=N1)N(C=N2)C3C(C(C(O3)COP(=O)(O)OP(=O)(O)OP(=O)(O)O)O)O)N,-1.4202164033831899,-1.1576370000839233,-3.120931625366211,1.5613443851470947
1109,Q9UXG1_L189D/D191R,C1=NC(=C2C(=N1)N(C=N2)C3C(C(C(O3)COP(=O)(O)OP(=O)(O)OP(=O)(O)O)O)O)N,-1.0457574905606752,-1.1819828748703003,-3.097471237182617,1.5256376266479492
1110,Q9UXG1_E202G/E203G/V204G,C1=NC(=C2C(=N1)N(C=N2)C3C(C(C(O3)COP(=O)(O)OP(=O)(O)OP(=O)(O)O)O)O)N,-1.2596373105057561,-1.2851710319519043,-3.0757904052734375,1.5228478908538818
1111,Q9UXG1_wild,C1=NC(=C2C(=N1)N(C=N2)C3C(C(C(O3)COP(=O)(O)OP(=O)(O)OP(=O)(O)O)O)O)N,-1.1674910872937636,-1.1291956901550293,-3.118973731994629,1.5755712985992432
1112,Q9UXG1_E326A/D327A/R329A,C1=NC(=C2C(=N1)N(C=N2)C3C(C(C(O3)COP(=O)(O)OP(=O)(O)OP(=O)(O)O)O)O)N,-1.3467874862246563,-1.2067829370498657,-3.099349021911621,1.5337214469909668
1113,Q9UXG1_R329A,C1=NC(=C2C(=N1)N(C=N2)C3C(C(C(O3)COP(=O)(O)OP(=O)(O)OP(=O)(O)O)O)O)N,-1.5228787452803376,-1.1522693634033203,-3.10333251953125,1.562989592552185
1114,A0A224AQI3_wild,C=O,3.6334684555795866,0.38753193616867065,1.0545653104782104,0.37484538555145264
1115,A0A6F8QRG1_wild,C=O,3.8750612633917,0.206060990691185,1.1383553743362427,0.35264381766319275
1116,P0A8Y8_wild,CC(C)(COP(=O)(O)OP(=O)(O)OCC1C(C(C(O1)N2C=NC3=C(N=CN=C32)N)O)OP(=O)(O)O)C(C(=O)NCCC(=O)NCCSC(=O)C4=C(C5=CC=CC=C5C(=C4)O)O)O,-0.8860566476931633,-0.03256773576140404,-1.2535854578018188,1.1717121601104736
1117,P77781_wild,CC(C)(COP(=O)([O-])OP(=O)([O-])OCC1C(C(C(O1)N2C=NC3=C(N=CN=C32)N)O)OP(=O)([O-])[O-])C(C(=O)NCCC(=O)NCCSC(=O)C4=CC(=CC(=C4)O)O)O,1.100370545117563,0.658547580242157,-1.5043715238571167,1.8187941312789917
1118,P77781_wild,CC(C)(COP(=O)(O)OP(=O)(O)OCC1C(C(C(O1)N2C=NC3=C(N=CN=C32)N)O)OP(=O)(O)O)C(C(=O)NCCC(=O)NCCSC(=O)C4=C(C5=CC=CC=C5C=C4)O)O,1.1702617153949575,0.6654828786849976,-1.7144619226455688,2.020397186279297
1119,P77781_wild,CC(C)(COP(=O)(O)OP(=O)(O)OCC1C(C(C(O1)N2C=NC3=C(N=CN=C32)N)O)OP(=O)(O)O)C(C(=O)NCCC(=O)NCCSC(=O)C4=C(C5=CC=CC=C5C(=C4)O)O)O,0.7923916894982539,0.6719393134117126,-1.714874029159546,1.9792354106903076
1120,B1XCS0_wild,C1C=CN(C=C1C(=O)N)C2C(C(C(O2)COP(=O)(O)OP(=O)(O)OCC3C(C(C(O3)N4C=NC5=C(N=CN=C54)N)O)O)O)O,1.0,0.8819639086723328,-1.4122340679168701,2.405221939086914
1121,B1XCS0_wild,C1=CC(=C[N+](=C1)C2C(C(C(O2)COP(=O)([O-])OP(=O)(O)OCC3C(C(C(O3)N4C=NC5=C(N=CN=C54)N)O)O)O)O)C(=O)N,1.2855573090077739,0.826306164264679,-0.9424073696136475,2.0807085037231445
1122,B1XCS0_wild,C1=CC(=C[N+](=C1)C2C(C(C(O2)COP(=O)(O)[O-])O)O)C(=O)N,3.17376882313665,0.8793983459472656,-0.6244992017745972,1.8537678718566895
1123,O14684_wild,CCCCCC(C=CC1C2CC(C1CC=CCCCC(=O)O)OO2)O,1.6989700043360187,-0.31648769974708557,-0.7437407970428467,1.4382548332214355
1124,A3KCL7_wild,O=O,2.8027737252919755,1.1869984865188599,-0.5044077634811401,1.6184065341949463
1125,Q99489_wild,C(CC(=O)O)C(C(=O)O)N,1.0530784434834197,0.9701403975486755,1.0857077836990356,0.6334465146064758
1126,Q99489_wild,C(C(C(=O)O)N)C(=O)N,0.919078092376074,1.1815235614776611,1.096828818321228,0.5916602611541748
1127,Q99489_wild,C1CC(NC1)C(=O)O,0.07918124604762482,0.8242950439453125,1.1831592321395874,0.3330221176147461
1128,Q99489_wild,C1=C(NC=N1)CC(C(=O)O)N,0.07918124604762482,0.5406606197357178,0.9239741563796997,0.43580108880996704
1129,Q99489_wild,C(C(C(=O)O)N)C(=O)O,1.9100905455940682,0.9082394242286682,1.0924490690231323,0.5580287575721741
1130,Q99489_wild,CNC(CC(=O)O)C(=O)O,1.8668778143374989,1.2172377109527588,0.6758874654769897,0.7198444604873657
1131,E9LVH9_R29N,CCCC(=O)OC1=CC=C(C=C1)[N+](=O)[O-],2.2810333672477277,1.689954400062561,0.007103029638528824,1.5574665069580078
1132,E9LVH7_wild,CC(=O)OC1=CC=C(C=C1)[N+](=O)[O-],0.43456890403419873,1.3927956819534302,-0.09831911325454712,1.1153370141983032
1133,E9LVH9_Q65E,CCCC(=O)OC1=CC=C(C=C1)[N+](=O)[O-],1.1760912590556813,1.596373200416565,0.00868501141667366,1.5054835081100464
1134,E9LVH9_Q65E,CC(=O)OC1=CC=C(C=C1)[N+](=O)[O-],0.8450980400142568,1.408028483390808,0.13608554005622864,1.135116457939148
1135,E9LVH9_R187K,CCCC(=O)OC1=CC=C(C=C1)[N+](=O)[O-],1.8976270912904414,1.6078566312789917,0.008159209042787552,1.4926459789276123
1136,E9LVH9_wild,CCCC(=O)OC1=CC=C(C=C1)[N+](=O)[O-],1.2041199826559248,1.5978089570999146,0.010601911693811417,1.491711139678955
1137,E9LVH9_wild,CC(=O)OC1=CC=C(C=C1)[N+](=O)[O-],1.2304489213782739,1.4164873361587524,0.14450204372406006,1.1246330738067627
1138,E9LVH9_L183A,CC(=O)OC1=CC=C(C=C1)[N+](=O)[O-],1.3979400086720377,1.3852951526641846,0.13476024568080902,1.0957756042480469
1139,E9LVH9_R19S/R29N/A30V,CC(=O)OC1=CC=C(C=C1)[N+](=O)[O-],1.8808135922807914,1.5454181432724,0.1252318024635315,1.252220869064331
1140,E9LVH9_A30V,CCCC(=O)OC1=CC=C(C=C1)[N+](=O)[O-],2.2624510897304293,1.6091666221618652,0.002911251038312912,1.5326993465423584
1141,E9LVH9_R29N/A30V,CC(=O)OC1=CC=C(C=C1)[N+](=O)[O-],2.0,1.507374882698059,0.14113736152648926,1.2221593856811523
1142,E9LVH9_R187K,CC(=O)OC1=CC=C(C=C1)[N+](=O)[O-],1.5440680443502757,1.42379629611969,0.14321617782115936,1.122847080230713
1143,E9LVH9_L183A,CCCC(=O)OC1=CC=C(C=C1)[N+](=O)[O-],1.505149978319906,1.5643198490142822,-0.004450682550668716,1.4631423950195312
1144,E9LVH9_A30V,CC(=O)OC1=CC=C(C=C1)[N+](=O)[O-],2.414973347970818,1.4360092878341675,0.13803984224796295,1.16436767578125
1145,E9LVH9_R19S,CCCC(=O)OC1=CC=C(C=C1)[N+](=O)[O-],1.9030899869919435,1.644152283668518,-0.006979171186685562,1.531038522720337
1146,E9LVH9_R29N/A30V,CCCC(=O)OC1=CC=C(C=C1)[N+](=O)[O-],2.2380461031287955,1.6907957792282104,0.004129040986299515,1.593875765800476
1147,E9LVH9_R29N,CC(=O)OC1=CC=C(C=C1)[N+](=O)[O-],2.315970345456918,1.4988187551498413,0.1425723135471344,1.1892199516296387
1148,E9LVH9_R19S/R29N/A30V,CCCC(=O)OC1=CC=C(C=C1)[N+](=O)[O-],2.1335389083702174,1.726048469543457,-0.011568345129489899,1.6213387250900269
1149,E9LVH8_wild,CC(=O)OC1=CC=C(C=C1)[N+](=O)[O-],2.639486489268586,1.551326870918274,0.04467019811272621,1.2882741689682007
1150,E9LVH8_wild,CCCC(=O)OC1=CC=C(C=C1)[N+](=O)[O-],2.514547752660286,1.7717329263687134,-0.1059391051530838,1.634616494178772
1151,L8BT48_wild,C1=NC2=NC(=NC(=C2N1)N)N,1.089905111439398,0.3731675148010254,-0.5429279208183289,1.393783450126648
1152,L8BT48_wild,C1=NC2=NC=NC(=C2N1)N,1.3180633349627615,0.4883827567100525,-0.805198073387146,1.284686803817749
1153,P0AFG8_wild,CC(=O)C(=O)[O-],1.5786392099680724,1.065066933631897,-0.31233158707618713,1.0784274339675903
1154,P0AFG8_K411A,CC(=O)C(=O)[O-],1.5456781497920256,1.0681456327438354,-0.3069830536842346,1.079910159111023
1155,P0AFG8_K411E,CC(=O)C(=O)[O-],1.4000196350651586,1.0508531332015991,-0.29502183198928833,1.069508671760559
1156,O33468_wild,CCC(=O)C(=O)[O-],-0.7695510786217261,1.2943662405014038,-0.41695111989974976,1.0879840850830078
1157,O33468_wild,CC(=O)C(=O)[O-],-1.3010299956639813,0.7937314510345459,-0.5624264478683472,0.8184453248977661
1158,O33468_wild,CCCC(=O)C(=O)O,-0.8927900303521317,0.5195915102958679,-0.7592614889144897,1.20725679397583
1159,P13006_wild,C(C1C(C(C(C(O1)O)O)O)O)O,2.963787827345555,1.1837183237075806,1.4959338903427124,0.4276084899902344
1160,P81156_H520A,C(C1C(C(C(C(O1)O)O)O)O)O,-0.7958800173440752,0.9298076033592224,1.528835654258728,0.35231390595436096
1161,P81156_W430A,C(C1C(C(C(C(O1)O)O)O)O)O,1.3617278360175928,1.180281400680542,1.4825526475906372,0.5587117075920105
1162,P81156_H520V,C(C1C(C(C(C(O1)O)O)O)O)O,-1.5228787452803376,0.906398594379425,1.5227642059326172,0.33445364236831665
1163,P81156_R516Q,C(C1C(C(C(C(O1)O)O)O)O)O,1.8512583487190752,1.189992904663086,1.4982904195785522,0.5712881088256836
1164,P81156_F418V,C(C1C(C(C(C(O1)O)O)O)O)O,2.5024271199844326,1.1596999168395996,1.4961124658584595,0.5451523661613464
1165,P81156_Y73F,C(C1C(C(C(C(O1)O)O)O)O)O,2.8055008581584002,1.1761659383773804,1.490352749824524,0.5680665969848633
1166,P81156_R516K,C(C1C(C(C(C(O1)O)O)O)O)O,2.780317312140151,1.172350525856018,1.5024974346160889,0.5502943396568298
1167,P81156_N518T,C(C1C(C(C(C(O1)O)O)O)O)O,3.0666985504229953,1.1583833694458008,1.4957627058029175,0.5490071773529053
1168,P81156_wild,C(C1C(C(C(C(O1)O)O)O)O)O,3.3016809492935764,1.1691365242004395,1.4964314699172974,0.5552634000778198
1169,A0A7L7T1A0_wild,C(C1C(C(C(C(O1)O)O)O)O)O,2.1370374547895126,1.0227035284042358,1.4823312759399414,0.36593398451805115
1170,Q5NQR9_wild,C1C=CN(C=C1C(=O)N)C2C(C(C(O2)COP(=O)(O)OP(=O)(O)OCC3C(C(C(O3)N4C=NC5=C(N=CN=C54)N)OP(=O)(O)O)O)O)O,0.7781512503836436,0.07482674717903137,-0.7081342935562134,1.2659051418304443
1171,Q5NQR9_wild,C1C=CN(C=C1C(=O)N)C2C(C(C(O2)COP(=O)(O)OP(=O)(O)OCC3C(C(C(O3)N4C=NC5=C(N=CN=C54)N)O)O)O)O,1.4313637641589874,0.30906954407691956,-0.7252591252326965,1.2255620956420898
1172,Q97UH8_wild,C(C1C(C(C(C(O1)OC2C(OC(C(C2O)O)O)CO)O)O)O)O,0.25527250510330607,0.5240345001220703,0.5712494850158691,0.84685218334198
1173,Q70KH9_wild,C1=CC(=CC=C1C(=O)[O-])N,-0.9829666607012196,-1.5773502588272095,-1.7678004503250122,-0.08158931136131287
1174,A6QDA0_S185G,C(C(C(=O)O)N)OP(=O)(O)O,0.2041199826559248,0.29564738273620605,-0.2276151180267334,1.0416972637176514
1175,A6QDA0_S185G,C(CC(=O)O)C(C(=O)O)N,0.3010299956639812,0.2613584101200104,0.8438764810562134,0.6660935878753662
1176,A6QDA0_wild,C(C(C(=O)O)N)OP(=O)(O)O,0.36172783601759284,0.3116752803325653,-0.19957280158996582,1.0413942337036133
1177,A6QDA0_wild,C(CC(=O)O)C(C(=O)O)N,0.5563025007672873,0.279943585395813,0.8761323690414429,0.6518844366073608
1178,F1T2J9_wild,C1=CC(=CC=C1CC(=O)C(=O)O)O,1.863322860120456,0.4137439727783203,-0.2822205722332001,1.1915277242660522
1179,F1T2J9_wild,C1C=CN(C=C1C(=O)N)C2C(C(C(O2)COP(=O)(O)OP(=O)(O)OCC3C(C(C(O3)N4C=NC5=C(N=CN=C54)N)OP(=O)(O)O)O)O)O,2.0827853703164503,0.5005524754524231,-1.3025184869766235,2.0350663661956787
1180,F1T2J9_wild,C1=CC=C(C=C1)CC(=O)C(=O)O,2.1760912590556813,0.6060105562210083,0.021248411387205124,1.225269079208374
1181,F1T2J9_wild,C(=O)C(=O)[O-],1.2787536009528289,0.9903814792633057,0.5325525403022766,0.6615735292434692
1182,F1T2J9_wild,C1C=CN(C=C1C(=O)N)C2C(C(C(O2)COP(=O)(O)OP(=O)(O)OCC3C(C(C(O3)N4C=NC5=C(N=CN=C54)N)O)O)O)O,1.4913616938342726,0.6707291007041931,-1.025546908378601,1.9545397758483887
1183,F1T2J9_wild,C(C(=O)C(=O)O)O,0.9590413923210936,0.8609498739242554,0.6139070391654968,0.9193693995475769
1184,P9WN45_wild,C(C1C(C(C(C(O1)OC2C(OC(C(C2O)O)OC3C(OC(C(C3O)O)O)CO)CO)O)O)O)O,-0.8239087409443188,1.5351959466934204,0.392964631319046,0.7350641489028931
1185,Q9SU56_wild,C(C(C1C(C(C(=O)O1)O)O)O)O,2.1271047983648077,0.8869394659996033,-0.13049183785915375,1.222420573234558
1186,Q2HZZ3_wild,C(C1C(C(C(C(O1)OP(=O)(O)O)O)O)O)O,1.14921911265538,0.7601425051689148,0.5407037734985352,0.5806887745857239
1187,Q2HZZ3_wild,C(C1C(C(C(C(O1)O)O)O)O)O,1.14921911265538,0.8963837027549744,1.3374474048614502,0.1324194073677063
1188,Q2HZZ3_wild,[O-]P(=O)([O-])[O-],1.214843848047698,0.7576085329055786,0.42323383688926697,0.537257194519043
1189,Q2HZZ3_wild,C(C1C(C(C(C(O1)OC2C(C(C(C(O2)CO)O)O)O)O)O)O)O,1.214843848047698,0.7492583394050598,1.5505961179733276,0.2558218836784363
1190,P0ADA1_wild,CCCC(=O)OC1=CC=C(C=C1)[N+](=O)[O-],1.18440748541232,1.404409646987915,-0.25990521907806396,1.9890108108520508
1191,P0ADA1_wild,CCCCCCCCCCCC(=O)SCCNC(=O)CCNC(=O)C(C(C)(C)COP(=O)(O)OP(=O)(O)OCC1C(C(C(O1)N2C=NC3=C(N=CN=C32)N)O)OP(=O)(O)O)O,1.0056094453602804,0.5458230376243591,-1.3732385635375977,2.053392171859741
1192,A0A0J6JSQ8_wild,C(C1C(C(C(C(O1)OC2C(OC(C(C2O)O)O)CO)O)O)O)O,1.1664301138432827,1.3219290971755981,0.09518098831176758,1.3458545207977295
1193,A0A0J6JSQ8_wild,C(C(C(=O)O)O)C(=O)O,0.8662873390841949,0.6404130458831787,-0.17645052075386047,0.9445796012878418
1194,Q58293_wild,C[S+](CCC(C(=O)[O-])N)CC1C(C(C(O1)N2C=NC3=C(N=CN=C32)N)O)O,-1.9148282712784146,-1.602795958518982,-2.8203232288360596,1.281417965888977
1195,Q58293_P267A,C[S+](CCC(C(=O)[O-])N)CC1C(C(C(O1)N2C=NC3=C(N=CN=C32)N)O)O,-4.0,-1.6532291173934937,-2.8220205307006836,1.2307407855987549
1196,Q02RL6_wild,C[S+](CCC(C(=O)[O-])N)CC1C(C(C(O1)N2C=NC3=C(N=CN=C32)N)O)O,-0.6635402661514705,-1.717159390449524,-1.6756163835525513,0.722800612449646
1197,Q0H0H0_wild,C1=CN(C(=O)N=C1N)C2C(C(C(O2)CO)O)(F)F,-0.721246399047171,-0.24914269149303436,-0.9150733947753906,0.780044436454773
1198,Q0H0H0_wild,C1C(C(OC1N2C=NC3=C(N=CN=C32)N)CO)O,0.2600713879850748,-0.4916878342628479,-1.1056289672851562,1.0471701622009277
1199,Q0H0H0_wild,C1C(C(OC1N2C=CC(=NC2=O)N)CO)O,-0.25181197299379954,-0.7318941950798035,-1.638759732246399,1.094257116317749
1200,X0JT48_wild,C1=CC=C(C(=C1)O)O,-0.10790539730951958,0.5217691659927368,0.8351378440856934,0.1797684133052826
1201,X0JT48_wild,C1=CC(=C(C(=C1)O)[O-])C(=O)O,1.4340896384178907,0.18239837884902954,0.29656267166137695,0.26633232831954956
1202,A0A2X5A091_wild,C(CC(=O)N)C(C(=O)O)N,0.3222192947339193,1.2900049686431885,0.2685718238353729,0.6754749417304993
1203,A0A2X5A091_wild,C(C(C(=O)O)N)C(=O)N,1.2833012287035497,1.61066472530365,-0.399560809135437,1.071902871131897
1204,P20906_T377L,CCCC(=O)C(=O)O,0.5185139398778875,0.6401097178459167,0.417849063873291,1.0006039142608643
1205,P20906_T377L/A460Y,CCCC(=O)C(=O)[O-],0.04139268515822508,0.8355276584625244,0.43795448541641235,0.8238773345947266
1206,P20906_T377L,CCCCC(=O)C(=O)[O-],0.04139268515822508,0.9039793610572815,0.11107560992240906,0.9398722648620605
1207,P20906_S26A/T377L/A460Y,C1=CC=C(C=C1)C(=O)C(=O)O,1.1760912590556813,1.1503678560256958,0.15265527367591858,1.008387565612793
1208,P20906_T377L/A460Y,CCC(=O)C(=O)[O-],0.7781512503836436,1.0440641641616821,0.5352834463119507,0.6891998052597046
1209,P20906_wild,CCCC(=O)C(=O)[O-],1.6464037262230695,0.908753514289856,0.4336269199848175,0.8626605272293091
1210,P20906_A460Y,CCC(=O)C(=O)O,0.7781512503836436,0.7267131805419922,0.8761457204818726,0.6293545365333557
1211,P20906_T377L,CC(=O)C(=O)[O-],0.3010299956639812,0.6730822324752808,0.657698392868042,0.4507729113101959
1212,P20906_T377L/A460Y,C1=CC=C(C=C1)CC(=O)C(=O)O,0.3010299956639812,0.9340785145759583,-0.04066605865955353,0.951373815536499
1213,P20906_H281T,C1=CC=C(C=C1)C(=O)C(=O)O,0.3010299956639812,1.2038171291351318,0.13571614027023315,1.0413352251052856
1214,P20906_H281A,C1=CC=C(C=C1)C(=O)C(=O)O,0.3222192947339193,1.197346568107605,0.14190763235092163,1.0368576049804688
1215,P20906_T377L/A460Y,CC(C)CC(=O)C(=O)O,0.43136376415898736,0.7788310647010803,0.46765658259391785,0.7344313859939575
1216,P20906_A460Y,CC(=O)C(=O)[O-],0.14612803567823798,0.674480676651001,0.6468113660812378,0.435882568359375
1217,P20906_A460I/F464I,C1=CC=C(C=C1)C(=O)C(=O)O,1.3222192947339193,1.204714298248291,0.13473635911941528,1.0506961345672607
1218,P20906_wild,CCCCC(=O)C(=O)O,1.3222192947339193,0.6795912384986877,0.08512774109840393,1.049120306968689
1219,P20906_H70T,C1=CC=C(C=C1)C(=O)C(=O)O,1.6232492903979006,1.155317783355713,0.18726661801338196,0.9771726727485657
1220,P20906_H281F,C1=CC=C(C=C1)C(=O)C(=O)O,1.8129133566428557,1.2122830152511597,0.121705561876297,1.0566296577453613
1221,P20906_A460I,CCC(C)CC(=O)C(=O)O,0.9912260756924949,0.9548788666725159,0.06067408248782158,1.0864263772964478
1222,P20906_T377L/A460Y,CCC(C)C(=O)C(=O)[O-],1.2041199826559248,0.9197332262992859,0.45985206961631775,0.8407111167907715
1223,P20906_T377L/A460Y,CCCC(=O)C(=O)O,-0.09151498112135023,0.613206684589386,0.40121713280677795,0.9782463312149048
1224,P20906_H281W,C1=CC=C(C=C1)C(=O)C(=O)O,1.2304489213782739,1.207119107246399,0.12325860559940338,1.046068787574768
1225,P20906_T377L/A460Y,CC(=O)C(=O)[O-],0.5563025007672873,0.6464800238609314,0.6558929085731506,0.42697763442993164
1226,P20906_H281Q,C1=CC=C(C=C1)C(=O)C(=O)O,0.9344984512435677,1.199790596961975,0.14801369607448578,1.034536361694336
1227,P20906_wild,CCC(C)CC(=O)C(=O)O,0.9344984512435677,0.9589718580245972,0.0702388733625412,1.0795024633407593
1228,P20906_wild,CCC(=O)C(=O)O,1.2380461031287955,0.7682449817657471,0.8781552910804749,0.6541118621826172
1229,P20906_T377L/A460Y,CCC(=O)C(=O)O,0.7634279935629373,0.6961478590965271,0.8820504546165466,0.6242520213127136
1230,P20906_H70L,C1=CC=C(C=C1)C(=O)C(=O)O,1.146128035678238,0.9602450728416443,0.2064632773399353,0.8711656332015991
1231,P20906_wild,CCCC(=O)C(=O)O,1.6464037262230695,0.662027895450592,0.4141990840435028,1.0057597160339355
1232,P20906_H281N,C1=CC=C(C=C1)C(=O)C(=O)O,1.2787536009528289,1.2111514806747437,0.1450284719467163,1.042647361755371
1233,P20906_A460I,CC(C)CC(=O)C(=O)O,1.5797835966168101,0.844230592250824,0.4695403277873993,0.7634720802307129
1234,P20906_wild,CCC(=O)C(=O)[O-],0.8750612633917001,1.0957504510879517,0.5181774497032166,0.7300336360931396
1235,P20906_T377L,CCC(=O)C(=O)O,0.8750612633917001,0.7389963269233704,0.8864272832870483,0.6459981203079224
1236,P20906_T377L/A460Y,CSCCC(=O)C(=O)O,0.6627578316815741,0.6431130766868591,0.16541790962219238,1.0675138235092163
1237,P20906_T377L/A460Y,CC(C)C(=O)C(=O)O,1.0791812460476249,0.9350435137748718,0.935687780380249,0.5869017839431763
1238,P20906_T377L/A460Y,CCCCC(=O)C(=O)[O-],0.07918124604762482,0.8751047253608704,0.1152603030204773,0.914715588092804
1239,P20906_A460Y,CCCCC(=O)C(=O)[O-],0.6434526764861874,0.9064012169837952,0.10537892580032349,0.9201737642288208
1240,P20906_wild,CCCCC(=O)C(=O)[O-],0.724275869600789,0.9350306391716003,0.10120820999145508,0.9457638263702393
1241,P20906_A460I,C1=CC=C(C=C1)C(=O)C(=O)O,1.792391689498254,1.2023476362228394,0.13553929328918457,1.0453989505767822
1242,P20906_S26M,C1=CC=C(C=C1)C(=O)C(=O)O,1.414973347970818,1.2146939039230347,0.1515251100063324,1.0625475645065308
1243,P20906_H70A,C1=CC=C(C=C1)C(=O)C(=O)O,-0.3372421683184259,1.070496678352356,0.21231088042259216,0.9327205419540405
1244,P20906_H70F,C1=CC=C(C=C1)C(=O)C(=O)O,0.6532125137753437,1.0805572271347046,0.17185255885124207,0.9539468288421631
1245,P20906_wild,CSCCC(=O)C(=O)O,0.6532125137753437,0.7112091779708862,0.153540700674057,1.1079102754592896
1246,P20906_T377L/A460Y,CCCCC(=O)C(=O)O,0.7708520116421442,0.6045254468917847,0.09319630265235901,1.019632339477539
1247,P20906_S26T,C1=CC=C(C=C1)C(=O)C(=O)O,1.9731278535996988,1.2093411684036255,0.14470890164375305,1.0467591285705566
1248,P20906_H281Y,C1=CC=C(C=C1)C(=O)C(=O)O,0.8388490907372553,1.20438814163208,0.13373714685440063,1.0389400720596313
1249,P20906_wild,CC(C)CC(=O)C(=O)O,1.0413926851582251,0.8532132506370544,0.4793531000614166,0.758512020111084
1250,P20906_S26L,C1=CC=C(C=C1)C(=O)C(=O)O,2.12057393120585,1.1949156522750854,0.16743482649326324,1.0352808237075806
1251,P20906_H70S,C1=CC=C(C=C1)C(=O)C(=O)O,0.7481880270062004,1.0909088850021362,0.2082509696483612,0.927632212638855
1252,P20906_S26A,C1=CC=C(C=C1)C(=O)C(=O)O,0.6483600109809317,1.2039545774459839,0.155797079205513,1.036776065826416
1253,P20906_A460Y,CCCC(=O)C(=O)O,0.7923916894982539,0.6382648348808289,0.39811673760414124,0.982650637626648
1254,P20906_wild,C1=CC=C(C=C1)C(=O)C(=O)O,3.1300119496719043,1.2081857919692993,0.14503227174282074,1.0414581298828125
1255,P20906_F464I,C1=CC=C(C=C1)C(=O)C(=O)O,2.089905111439398,1.209404706954956,0.14775876700878143,1.0441429615020752
1256,P20906_A460I,CCC(=O)C(=O)O,1.2741578492636798,0.7489305734634399,0.8729231953620911,0.6569250822067261
1257,P20906_A460I,CCCC(=O)C(=O)O,1.6085260335771943,0.6605027914047241,0.39852598309516907,1.0098119974136353
1258,P20906_A460I,CCCCC(=O)C(=O)O,1.8561244442423004,0.6655879616737366,0.08110368251800537,1.0531867742538452
1259,Q96RR1_W474C,C1=NC(=C2C(=N1)N(C=N2)C3C(C(C(O3)COP(=O)(O)OP(=O)(O)OP(=O)(O)O)O)O)N,-0.15490195998574322,-0.8555089831352234,0.23510196805000305,0.3505013883113861
1260,Q96RR1_R334Q,C1=NC(=C2C(=N1)N(C=N2)C3C(C(C(O3)COP(=O)(O)OP(=O)(O)OP(=O)(O)O)O)O)N,0.004321373782642578,-0.8611873984336853,0.22852012515068054,0.34211471676826477
1261,Q96RR1_F485L,C1=NC(=C2C(=N1)N(C=N2)C3C(C(C(O3)COP(=O)(O)OP(=O)(O)OP(=O)(O)O)O)O)N,0.06069784035361165,-0.8654360175132751,0.2323075234889984,0.33893099427223206
1262,Q96RR1_wild,C1=NC(=C2C(=N1)N(C=N2)C3C(C(C(O3)COP(=O)(O)OP(=O)(O)OP(=O)(O)O)O)O)N,0.33845649360460484,-0.8627533912658691,0.23126712441444397,0.3426896333694458
1263,Q96RR1_K319T,C1=NC(=C2C(=N1)N(C=N2)C3C(C(C(O3)COP(=O)(O)OP(=O)(O)OP(=O)(O)O)O)O)N,-0.00877392430750515,-0.858317494392395,0.23166826367378235,0.34362420439720154
1264,Q96RR1_W315L,C1=NC(=C2C(=N1)N(C=N2)C3C(C(C(O3)COP(=O)(O)OP(=O)(O)OP(=O)(O)O)O)O)N,0.05307844348341968,-0.8393861651420593,0.2404484748840332,0.3540932834148407
1265,Q96RR1_R374Q,C1=NC(=C2C(=N1)N(C=N2)C3C(C(C(O3)COP(=O)(O)OP(=O)(O)OP(=O)(O)O)O)O)N,0.3364597338485295,-0.8621512055397034,0.2319130003452301,0.34525638818740845
1266,Q96RR1_A359T,C1=NC(=C2C(=N1)N(C=N2)C3C(C(C(O3)COP(=O)(O)OP(=O)(O)OP(=O)(O)O)O)O)N,0.02530586526477026,-0.8650473952293396,0.23468473553657532,0.3430778384208679
1267,Q96RR1_R354P,C1=NC(=C2C(=N1)N(C=N2)C3C(C(C(O3)COP(=O)(O)OP(=O)(O)OP(=O)(O)O)O)O)N,0.07188200730612537,-0.8653951287269592,0.21126389503479004,0.35125333070755005
1268,Q96RR1_P335L,C1=NC(=C2C(=N1)N(C=N2)C3C(C(C(O3)COP(=O)(O)OP(=O)(O)OP(=O)(O)O)O)O)N,0.03342375548694973,-0.8639216423034668,0.2275674045085907,0.34033918380737305
1269,Q96RR1_S369Y,C1=NC(=C2C(=N1)N(C=N2)C3C(C(C(O3)COP(=O)(O)OP(=O)(O)OP(=O)(O)O)O)O)N,0.287801729930226,-0.8596522212028503,0.2262749969959259,0.3365384042263031
1270,Q96RR1_A318T,C1=NC(=C2C(=N1)N(C=N2)C3C(C(C(O3)COP(=O)(O)OP(=O)(O)OP(=O)(O)O)O)O)N,0.07554696139253074,-0.8581953644752502,0.22775796055793762,0.3470442593097687
1271,Q96RR1_R357P,C1=NC(=C2C(=N1)N(C=N2)C3C(C(C(O3)COP(=O)(O)OP(=O)(O)OP(=O)(O)O)O)O)N,0.18184358794477257,-0.8691902160644531,0.21533888578414917,0.3510358929634094
1272,Q96RR1_A475P,C1=NC(=C2C(=N1)N(C=N2)C3C(C(C(O3)COP(=O)(O)OP(=O)(O)OP(=O)(O)O)O)O)N,-0.1804560644581313,-0.9039750695228577,0.227370947599411,0.3130367696285248
1273,Q96RR1_T457I,C1=NC(=C2C(=N1)N(C=N2)C3C(C(C(O3)COP(=O)(O)OP(=O)(O)OP(=O)(O)O)O)O)N,-0.05551732784983137,-0.8560368418693542,0.2177298367023468,0.3403265178203583
1274,Q96RR1_S369P,C1=NC(=C2C(=N1)N(C=N2)C3C(C(C(O3)COP(=O)(O)OP(=O)(O)OP(=O)(O)O)O)O)N,0.320146286111054,-0.8704293370246887,0.2276049554347992,0.34637027978897095
1275,Q96RR1_Y508C,C1=NC(=C2C(=N1)N(C=N2)C3C(C(C(O3)COP(=O)(O)OP(=O)(O)OP(=O)(O)O)O)O)N,0.3096301674258988,-0.8644035458564758,0.23436835408210754,0.34152522683143616
1276,Q96RR1_K319E,C1=NC(=C2C(=N1)N(C=N2)C3C(C(C(O3)COP(=O)(O)OP(=O)(O)OP(=O)(O)O)O)O)N,0.35024801833416286,-0.856024980545044,0.2308574616909027,0.34499961137771606
1277,Q96RR1_R303W,C1=NC(=C2C(=N1)N(C=N2)C3C(C(C(O3)COP(=O)(O)OP(=O)(O)OP(=O)(O)O)O)O)N,0.359835482339888,-0.8643026947975159,0.21718841791152954,0.35328495502471924
1278,Q96RR1_I367T,C1=NC(=C2C(=N1)N(C=N2)C3C(C(C(O3)COP(=O)(O)OP(=O)(O)OP(=O)(O)O)O)O)N,0.4608978427565479,-0.8583124876022339,0.2403319776058197,0.34394708275794983
1279,Q96RR1_L381P,C1=NC(=C2C(=N1)N(C=N2)C3C(C(C(O3)COP(=O)(O)OP(=O)(O)OP(=O)(O)O)O)O)N,0.919601023784111,-0.8772793412208557,0.21843698620796204,0.34105679392814636
1280,Q9WYP5_wild,C1(C(C(C(C(C1O)O)O)O)O)O,0.0,1.3782322406768799,0.7413082122802734,0.7406163215637207
1281,G3XRE5_wild,C(C(C(C(C(C(=O)[O-])O)O)O)O)O,0.414973347970818,0.15792030096054077,0.7206547260284424,0.2694527208805084
1282,C9Z6T8_Q158A/E160A,C1=CC(=C[N+](=C1)C2C(C(C(O2)COP(=O)([O-])OP(=O)(O)OCC3C(C(C(O3)N4C=NC5=C(N=CN=C54)N)O)O)O)O)C(=O)N,-2.3010299956639813,1.148513674736023,-0.8480724096298218,1.1168869733810425
1283,C9Z6T8_wild,C1=CC(=C[N+](=C1)C2C(C(C(O2)COP(=O)([O-])OP(=O)(O)OCC3C(C(C(O3)N4C=NC5=C(N=CN=C54)N)O)O)O)O)C(=O)N,0.19589965240923374,1.23570716381073,-0.8204891085624695,1.165574312210083
1284,Q96DE0_wild,C1=NC2=C(C(=O)N1)N=CN2C3C(C(C(O3)COP(=O)(O)OP(=O)(O)O)O)O,-1.7958800173440752,-0.42076629400253296,-1.1308987140655518,0.31959888339042664
1285,Q96DE0_wild,C1C(C(OC1N2C=NC3=C2N=CNC3=O)COP(=O)(O)OP(=O)(O)O)O,-1.7958800173440752,-0.46410316228866577,-0.790971040725708,0.19848376512527466
1286,Q96DE0_wild,C1=NC2=C(N1C3C(C(C(O3)COP(=O)(O)OP(=O)(O)O)O)O)N=C(NC2=O)N,-2.0457574905606752,-0.5104631781578064,-1.1288610696792603,0.24479442834854126
1287,Q96DE0_wild,C1C(C(OC1N2C=NC3=C2N=C(NC3=O)N)COP(=O)(O)OP(=O)(O)O)O,-2.0969100130080562,-0.5349772572517395,-0.9825944304466248,0.2899463176727295
1288,Q96DE0_wild,C1C(C(OC1N2C=NC3=C2N=CNC3=O)COP(=O)(O)OP(=O)(O)OP(=O)(O)O)O,-1.275724130399211,-0.5264256000518799,-0.7803736925125122,0.17563201487064362
1289,A1ZA98_wild,CC(=CCCC(=CCCC(=CC(=O)OC)C)C)C,0.47712125471966244,-0.31447428464889526,-0.5385642051696777,0.7464960813522339
1290,Q9U2M7_wild,C1C(C(OC1N2C=NC3=C2N=C(NC3=O)N)COP(=O)(O)OP(=O)(O)OP(=O)(O)O)O,-0.27572413039921095,-0.011848516762256622,-1.0383578538894653,1.0651746988296509
1291,Q9U2M7_wild,C1C(C(OC1N2C=NC3=C(N=CN=C32)N)COP(=O)(O)OP(=O)(O)OP(=O)(O)O)O,-0.431798275933005,0.08426284790039062,-0.9010969400405884,1.2235225439071655
1292,Q9U2M7_wild,C1C(C(OC1N2C3=C(C(=O)NC(=N3)N)NC2=O)COP(=O)(O)OP(=O)(O)OP(=O)(O)O)O,-0.23657200643706275,-0.1301247924566269,-1.6228286027908325,1.2162443399429321
1293,Q9U2M7_wild,C1C(C(OC1N2C=NC3=C(NC(=O)N=C32)N)COP(=O)(O)OP(=O)(O)OP(=O)(O)O)O,-0.2924298239020636,0.06398172676563263,-0.9971756935119629,1.1923667192459106
1294,Q6LZC4_wild,CC(=O)NC1C(C(C(OC1OP(=O)(O)OP(=O)(O)OCC2C(C(C(O2)N3C=CC(=O)NC3=O)O)O)CO)O)O,0.5314789170422551,-0.18763592839241028,-0.4655650556087494,1.3801119327545166
1295,A0A411MRB2_wild,C(CC(C(=O)O)N)CN=C(N)N,-1.0087739243075051,0.5132524371147156,-0.20286928117275238,0.5919122695922852
1296,T5I9M6_wild,CCCCCCCCC=CCCCCCCCC(=O)O,1.5314789170422551,-0.4604703485965729,-0.36903706192970276,0.3287150263786316
1297,G7JFL4_wild,C1=NC(=C2C(=N1)N(C=N2)C3C(C(C(O3)COP(=O)(O)OP(=O)(O)OP(=O)(O)O)O)O)N,-0.24412514432750865,0.15386725962162018,-0.27727657556533813,0.720482349395752
1298,G7JFL4_wild,C(C1C(C(C(O1)OP(=O)(O)OP(=O)(O)O)O)O)OP(=O)(O)O,-0.24412514432750865,0.06988956034183502,-0.7705734968185425,0.6721820831298828
1299,A4YGC7_wild,CC(C)(COP(=O)(O)OP(=O)(O)OCC1C(C(C(O1)N2C=NC3=C(N=CN=C32)N)O)OP(=O)(O)O)C(C(=O)NCCC(=O)NCCSC(=O)CCCO)O,0.3222192947339193,0.8446659445762634,-1.0503911972045898,1.2436497211456299
1300,Q6PWR5_wild,CC1(C(N2C(S1)C(C2=O)NC(=O)C(C3=CC=C(C=C3)O)N)C(=O)O)C,1.1760912590556813,0.9416308403015137,-0.5329203009605408,1.861544132232666
1301,Q6PWR5_wild,CC1(C(N2C(S1)C(C2=O)NC(=O)C(C3=CC=CC=C3)N)C(=O)O)C,1.2041199826559248,0.9497121572494507,-0.4519077241420746,1.9969367980957031
1302,Q6PWR5_wild,CC1=C(N2C(C(C2=O)NC(=O)C(C3=CC=CC=C3)N)SC1)C(=O)O,1.3010299956639813,0.5438420176506042,-0.5845147967338562,2.0362606048583984
1303,Q6PWR5_wild,CC1(C(N2C(S1)C(C2=O)NC(=O)CC3=CC=CC=C3)C(=O)O)C,1.3979400086720377,1.0159939527511597,-0.6882475018501282,2.1972742080688477
1304,Q6PWR5_wild,C1=CC=C(C=C1)C(C(=O)N)N,1.3979400086720377,1.0897265672683716,0.2150740921497345,1.4080063104629517
1305,Q6PWR5_wild,CC1=C(N2C(C(C2=O)NC(=O)C(C3=CC=C(C=C3)O)N)SC1)C(=O)O,1.1139433523068367,0.39965590834617615,-0.5517757534980774,1.8534139394760132
1306,Q6PWR5_wild,C1=CC(=CC=C1CC(=O)N)O,1.462397997898956,0.5644918084144592,-0.6023703217506409,1.4327409267425537
1307,Q6PWR5_wild,C1=CC=C(C=C1)CC(=O)N,1.3617278360175928,1.62600839138031,-0.5391049981117249,1.656937599182129
1308,Q83YY8_wild,CC1(C(N2C(S1)C(C2=O)NC(=O)CC3=CC=CC=C3)C(=O)O)C,1.861534410859038,1.0860497951507568,-0.7244092226028442,2.277276039123535
1309,P06875_wild,CC1(C(N2C(S1)C(C2=O)NC(=O)CC3=CC=CC=C3)C(=O)O)C,1.6812412373755872,1.0951398611068726,-0.40807923674583435,2.244126319885254
1310,P06875_wild,CC1(C(N2C(S1)C(C2=O)NC(=O)C(C3=CC=C(C=C3)O)N)C(=O)O)C,1.3424226808222062,1.0217005014419556,-0.23791389167308807,1.9117635488510132
1311,P06875_wild,CC1(C(N2C(S1)C(C2=O)NC(=O)C(C3=CC=CC=C3)N)C(=O)O)C,1.4771212547196624,1.0046581029891968,-0.16324636340141296,2.026451587677002
1312,P06875_wild,C1=CC=C(C=C1)CC(=O)N,1.6989700043360187,1.8355002403259277,-0.37155139446258545,1.7748439311981201
1313,P06875_wild,CC1=C(N2C(C(C2=O)NC(=O)C(C3=CC=CC=C3)N)SC1)C(=O)O,1.7558748556724915,0.7288514971733093,-0.291720986366272,2.103243827819824
1314,P06875_wild,C1=CC=C(C=C1)C(C(=O)N)N,1.7558748556724915,1.2241291999816895,0.26376110315322876,1.52982759475708
1315,P06875_wild,C1=CC(=CC=C1CC(=O)N)O,1.6720978579357175,0.624841570854187,-0.5113313794136047,1.544782280921936
1316,P06875_wild,CC1=C(N2C(C(C2=O)NC(=O)C(C3=CC=C(C=C3)O)N)SC1)C(=O)O,1.6989700043360187,0.6259280443191528,-0.2839590609073639,1.933812141418457
1317,A0A2I6UI54_wild,CC1(C(N2C(S1)C(C2=O)NC(=O)C(C3=CC=C(C=C3)O)N)C(=O)O)C,2.1532049000842846,1.089111566543579,0.09769055247306824,1.8660895824432373
1318,Q72SB4_wild,C1C=CN(C=C1C(=O)N)C2C(C(C(O2)COP(=O)(O)OP(=O)(O)OCC3C(C(C(O3)N4C=NC5=C(N=CN=C54)N)OP(=O)(O)O)O)O)O,0.7781512503836436,1.1430259943008423,-1.545193076133728,2.3267595767974854
1319,B0SKV7_wild,C1C=CN(C=C1C(=O)N)C2C(C(C(O2)COP(=O)(O)OP(=O)(O)OCC3C(C(C(O3)N4C=NC5=C(N=CN=C54)N)OP(=O)(O)O)O)O)O,0.6031443726201823,1.2897512912750244,-1.6555277109146118,2.323530912399292
1320,W8VNN5_wild,C1C=CN(C=C1C(=O)N)C2C(C(C(O2)COP(=O)(O)OP(=O)(O)OCC3C(C(C(O3)N4C=NC5=C(N=CN=C54)N)OP(=O)(O)O)O)O)O,-0.22792287286125548,0.9897158741950989,-1.612456202507019,2.2370543479919434
1321,W8VNN5_wild,C1=CC(=C(C=C1SSC2=CC(=C(C=C2)[N+](=O)[O-])C(=O)O)C(=O)O)[N+](=O)[O-],-0.05469556192900706,1.1358416080474854,-0.8020205497741699,1.4816383123397827
1322,P09622_wild,C(CCC(=O)N)CC(CCS)S,2.9537596917332287,1.1345545053482056,-0.23361772298812866,2.0167806148529053
1323,P09622_wild,C1CSSC1CCCCC(=O)N,2.8568496787251725,1.7940046787261963,0.44187691807746887,1.7470369338989258
1324,P09622_wild,C1=CC(=C[N+](=C1)C2C(C(C(O2)COP(=O)([O-])OP(=O)(O)OCC3C(C(C(O3)N4C=NC5=C(N=CN=C54)N)O)O)O)O)C(=O)N,2.9537596917332287,1.2928718328475952,-0.7998651266098022,2.032499074935913
1325,G2IQS7_wild,COC1=C(C=CC(=C1)C(=O)O)[O-],0.7604224834232121,0.9557461738586426,-0.6684131622314453,1.3915059566497803
1326,Q57757_C229A,C(CCN=C(N)N)CN,-1.3872161432802645,-1.0768622159957886,0.258314847946167,0.040949463844299316
1327,Q57757_C71S,C(CCN=C(N)N)CN,-2.1249387366083,-1.1006468534469604,0.23740097880363464,0.02697274088859558
1328,Q57757_C136A,C(CCN=C(N)N)CN,-1.6382721639824072,-1.0773416757583618,0.25572577118873596,0.04058411717414856
1329,Q57757_C151S,C(CCN=C(N)N)CN,-2.0222763947111524,-1.0582422018051147,0.25780922174453735,0.04004505276679993
1330,Q57757_wild,C(CCN=C(N)N)CN,-1.494850021680094,-1.091073989868164,0.26222455501556396,0.030906230211257935
1331,P60472_E81A,CC(=CCCC(=CCCC(=CCOP(=O)(O)OP(=O)(O)O)C)C)C,-0.3979400086720376,-0.7249971032142639,-2.0175983905792236,1.0975345373153687
1332,P60472_wild,CC(=CCCC(=CCCC(=CCOP(=O)(O)OP(=O)(O)O)C)C)C,0.3979400086720376,-0.3668311536312103,-2.17639422416687,1.4942083358764648
1333,P60472_S71A,CC(=CCCC(=CCCC(=CCOP(=O)(O)OP(=O)(O)O)C)C)C,-0.958607314841775,-0.5403659343719482,-2.099071979522705,1.281097412109375
1334,P60472_N74A,CC(=CCCC(=CCCC(=CCOP(=O)(O)OP(=O)(O)O)C)C)C,-1.6575773191777938,-0.8682993054389954,-1.9862672090530396,0.9281519651412964
1335,P60472_R77A,CC(=CCCC(=CCCC(=CCOP(=O)(O)OP(=O)(O)O)C)C)C,-3.8538719643217623,-1.1417760848999023,-1.947067141532898,0.7263938188552856
1336,P60472_D26E,CC(=CCCC(=CCCC(=CCOP(=O)(O)OP(=O)(O)O)C)C)C,-3.4365189146055894,-0.4178381860256195,-2.1460564136505127,1.3985350131988525
1337,P60472_D26K,CC(=CCCC(=CCCC(=CCOP(=O)(O)OP(=O)(O)O)C)C)C,-4.115771230367396,-0.5740583539009094,-2.0695643424987793,1.2375168800354004
1338,P60472_D26R,CC(=CCCC(=CCCC(=CCOP(=O)(O)OP(=O)(O)O)C)C)C,-4.198596289982645,-0.5112430453300476,-2.1109766960144043,1.2811317443847656
1339,O82827_W78D,CC(=CCCC(=CCCC(=CCCC(=CCOP(=O)([O-])OP(=O)([O-])[O-])C)C)C)C,-0.5228787452803376,-0.30493399500846863,-2.1689796447753906,1.450920820236206
1340,O82827_E84Q,CC(=CCCC(=CCCC(=CCOP(=O)(O)OP(=O)(O)O)C)C)C,0.037426497940623665,-0.04538128152489662,-2.0480265617370605,1.5815200805664062
1341,O82827_W78I,CC(=CCCC(=CCCC(=CCCC(=CCOP(=O)([O-])OP(=O)([O-])[O-])C)C)C)C,0.1367205671564068,-0.2406536191701889,-2.2236430644989014,1.6008384227752686
1342,O82827_R80A,CC(=CCCC(=CCCC(=CCOP(=O)(O)OP(=O)(O)O)C)C)C,-2.3979400086720375,-0.15123213827610016,-1.9462155103683472,1.422360897064209
1343,O82827_N77A,CC(=CCCC(=CCCC(=CCCC(=CCOP(=O)([O-])OP(=O)([O-])[O-])C)C)C)C,-2.6989700043360187,-0.5487412810325623,-2.0590038299560547,1.1309921741485596
1344,O82827_G32R/R42G,CC(=CCCC(=CCCC(=CCOP(=O)(O)OP(=O)(O)O)C)C)C,-0.017728766960431606,0.021210025995969772,-2.118926525115967,1.8209314346313477
1345,O82827_W78R,CC(=C)CCOP(=O)(O)OP(=O)(O)O,-0.09528445472131904,0.4121992886066437,-2.014331102371216,1.5777963399887085
1346,O82827_D29A,CC(=CCCC(=CCCC(=CCOP(=O)(O)OP(=O)(O)O)C)C)C,-1.7772835288524167,-0.13883353769779205,-2.0546329021453857,1.510448932647705
1347,O82827_E84Q,CC(=CCCC(=CCCC(=CCCC(=CCOP(=O)([O-])OP(=O)([O-])[O-])C)C)C)C,0.029383777685209663,-0.3794380724430084,-2.1868886947631836,1.4145313501358032
1348,O82827_wild,CC(=CCCC(=CCCC(=CCOP(=O)(O)OP(=O)(O)O)C)C)C,0.22010808804005508,0.04683702811598778,-2.149736166000366,1.8213984966278076
1349,O82827_wild,CC(=C)CCOP(=O)(O)OP(=O)(O)O,0.26717172840301384,0.4294106960296631,-2.0283615589141846,1.677843451499939
1350,O82827_G32R/R42G,CC(=CCCC(=CCCC(=CCCC(=CCOP(=O)([O-])OP(=O)([O-])[O-])C)C)C)C,0.045322978786657475,-0.23954133689403534,-2.2435102462768555,1.659216284751892
1351,O82827_W78I,CC(=C)CCOP(=O)(O)OP(=O)(O)O,-0.10623823794205658,0.44735509157180786,-1.9852423667907715,1.617021918296814
1352,O82827_wild,CC(=CCCC(=CCCC(=CCCC(=CCOP(=O)([O-])OP(=O)([O-])[O-])C)C)C)C,0.24797326636180664,-0.26417115330696106,-2.274807929992676,1.6580965518951416
1353,O82827_W78D,CC(=C)CCOP(=O)(O)OP(=O)(O)O,-0.40120949323688493,0.40528014302253723,-1.9315849542617798,1.4893583059310913
1354,O82827_N77Q,CC(=CCCC(=CCCC(=CCOP(=O)(O)OP(=O)(O)O)C)C)C,-2.8096683018297086,-0.19578216969966888,-1.9680157899856567,1.4316658973693848
1355,O82827_N77A,CC(=CCCC(=CCCC(=CCOP(=O)(O)OP(=O)(O)O)C)C)C,-2.9030899869919438,-0.26272130012512207,-1.8974106311798096,1.307234764099121
1356,O82827_N77Q,CC(=CCCC(=CCCC(=CCCC(=CCOP(=O)([O-])OP(=O)([O-])[O-])C)C)C)C,-2.6363880201078556,-0.5085588693618774,-2.1170859336853027,1.2646260261535645
1357,O82827_N77Q,CC(=C)CCOP(=O)(O)OP(=O)(O)O,-2.5686362358410126,0.18582142889499664,-1.8733943700790405,1.2935281991958618
1358,O82827_N77D,CC(=CCCC(=CCCC(=CCOP(=O)(O)OP(=O)(O)O)C)C)C,-2.5654310959658013,-0.38349732756614685,-1.9561887979507446,1.2960355281829834
1359,O82827_N77D,CC(=CCCC(=CCCC(=CCCC(=CCOP(=O)([O-])OP(=O)([O-])[O-])C)C)C)C,-2.3819519032879075,-0.6941999197006226,-2.1082115173339844,1.1187472343444824
1360,O82827_N77D,CC(=C)CCOP(=O)(O)OP(=O)(O)O,-2.3251388592621884,0.014574181288480759,-1.857421636581421,1.162380576133728
1361,O82827_N77A,CC(=C)CCOP(=O)(O)OP(=O)(O)O,-1.785156151952302,0.1137266606092453,-1.8042689561843872,1.160528540611267
1362,O82827_R33A,CC(=CCCC(=CCCC(=CCOP(=O)(O)OP(=O)(O)O)C)C)C,-1.2660007134616131,0.010185834020376205,-2.0636162757873535,1.7314338684082031
1363,O82827_W78D,CC(=CCCC(=CCCC(=CCOP(=O)(O)OP(=O)(O)O)C)C)C,-0.8210230527068306,0.02935607358813286,-2.03373646736145,1.6245285272598267
1364,O82827_R42G,CC(=CCCC(=CCCC(=CCOP(=O)(O)OP(=O)(O)O)C)C)C,-0.6655462488490691,-0.010751772671937943,-2.080615520477295,1.750820517539978
1365,O82827_W78I,CC(=CCCC(=CCCC(=CCOP(=O)(O)OP(=O)(O)O)C)C)C,-0.341035157335565,0.07238197326660156,-2.098846912384033,1.7597328424453735
1366,O82827_G32R,CC(=CCCC(=CCCC(=CCOP(=O)(O)OP(=O)(O)O)C)C)C,-0.33535802444387447,0.07447746396064758,-2.0925419330596924,1.7830522060394287
1367,O82827_E76Q,CC(=CCCC(=CCCC(=CCOP(=O)(O)OP(=O)(O)O)C)C)C,-0.2967086218813386,0.029804762452840805,-2.153385639190674,1.7599821090698242
1368,O82827_W78R,CC(=CCCC(=CCCC(=CCCC(=CCOP(=O)([O-])OP(=O)([O-])[O-])C)C)C)C,-0.046240308266771224,-0.33630359172821045,-2.240741729736328,1.5493112802505493
1369,O82827_D29A,CC(=CCCC(=CCCC(=CCCC(=CCOP(=O)([O-])OP(=O)([O-])[O-])C)C)C)C,-1.58838029403677,-0.4580473005771637,-2.1909830570220947,1.3375974893569946
1370,O82827_R42G,CC(=CCCC(=CCCC(=CCCC(=CCOP(=O)([O-])OP(=O)([O-])[O-])C)C)C)C,-0.41793663708829126,-0.2674643397331238,-2.2070393562316895,1.5948442220687866
1371,O82827_E76Q,CC(=CCCC(=CCCC(=CCCC(=CCOP(=O)([O-])OP(=O)([O-])[O-])C)C)C)C,-0.21896306137886817,-0.303619384765625,-2.281345844268799,1.5988233089447021
1372,O82827_G32R,CC(=CCCC(=CCCC(=CCCC(=CCOP(=O)([O-])OP(=O)([O-])[O-])C)C)C)C,-0.21609642072726507,-0.2544753849506378,-2.228982448577881,1.6131935119628906
1373,O82827_R33A,CC(=CCCC(=CCCC(=CCCC(=CCOP(=O)([O-])OP(=O)([O-])[O-])C)C)C)C,-1.0899094544059318,-0.2760845422744751,-2.183014154434204,1.5752736330032349
1374,O82827_R80A,CC(=CCCC(=CCCC(=CCCC(=CCOP(=O)([O-])OP(=O)([O-])[O-])C)C)C)C,-2.237321436272564,-0.44355297088623047,-2.0863194465637207,1.2554054260253906
1375,P60472_W75A,CC(=CCCC(=CCCC(=CCOP(=O)(O)OP(=O)(O)O)C)C)C,0.04139268515822508,-0.554700493812561,-1.9864466190338135,1.1406830549240112
1376,P60472_E73A,CC(=CCCC(=CCCC(=CCOP(=O)(O)OP(=O)(O)O)C)C)C,-0.5228787452803376,-0.4678470492362976,-2.1301913261413574,1.3497188091278076
1377,P55984_wild,CC(=CCCC(=CCCC(=CCOP(=O)(O)OP(=O)(O)O)C)C)C,-0.6575773191777937,-0.5938420295715332,-1.5723525285720825,0.7324026823043823
1378,P55984_C234A,CC(=CCCC(=CCCC(=CCOP(=O)(O)OP(=O)(O)O)C)C)C,-0.6989700043360187,-0.5554782748222351,-1.5733894109725952,0.7990118861198425
1379,Q6LYB4_wild,C(C1C(C(C(C(O1)OP(=O)(O)O)N)O)O)O,-0.28399665636520083,0.25692370533943176,-0.5344735383987427,1.2021692991256714
1380,Q6LYB4_wild,C(C1C(C(C(C(O1)OP(=O)(O)O)O)O)O)O,-1.0,0.14085926115512848,-0.3560429811477661,1.1196516752243042
1381,C4LWC7_wild,C1=NC(=C2C(=N1)N(C=N2)C3C(C(C(O3)COP(=O)(O)OP(=O)(O)OP(=O)(O)O)O)O)N,0.021189299069938092,-0.015606869012117386,-1.1736360788345337,1.2258586883544922
1382,C4LWC7_wild,CC(C)(COP(=O)(O)OP(=O)(O)OCC1C(C(C(O1)N2C=NC3=C(N=CN=C32)N)O)O)C(C(=O)NCCC(=O)NCCS)O,-0.017728766960431606,0.1770869940519333,-1.608449101448059,1.567144751548767
1383,Q59977_wild,C(C(=O)C(=O)O)C(=O)O,0.5250448070368452,2.053365468978882,-1.0220803022384644,2.049365997314453
1384,Q59977_wild,CC(=O)SCCNC(=O)CCNC(=O)C(C(C)(C)COP(=O)(O)OP(=O)(O)OCC1C(C(C(O1)N2C=NC3=C(N=CN=C32)N)O)OP(=O)(O)O)O,0.4756711883244297,1.5775541067123413,-1.081258773803711,2.010453939437866
1385,P21553_wild,CC(=O)SCCNC(=O)CCNC(=O)C(C(C)(C)COP(=O)(O)OP(=O)(O)OCC1C(C(C(O1)N2C=NC3=C(N=CN=C32)N)O)OP(=O)(O)O)O,0.9637878273455552,0.6750395894050598,-1.5795985460281372,1.7354745864868164
1386,P21553_wild,C(C(=O)C(=O)O)C(=O)O,0.9637878273455552,1.212593674659729,-1.1835471391677856,1.406244158744812
1387,D8QHC3_wild,COC1=C(C=CC(=C1)C=CC(=O)OC)O,1.7075701760979363,1.1852822303771973,-0.7231003046035767,1.9887696504592896
1388,D8QHC3_wild,COC(=O)C1=CC=C(C=C1)O,1.0492180226701815,1.1463797092437744,-0.6536338329315186,1.7930548191070557
1389,D8QHC3_wild,C1C(C(C(CC1(C(=O)O)O)OC(=O)C=CC2=CC(=C(C=C2)O)O)O)O,0.8195439355418687,1.4778779745101929,-0.7390469908714294,2.0190846920013428
1390,D8QHC3_wild,COC(=O)C=CC1=CC(=C(C=C1)O)O,1.5843312243675307,1.1899253129959106,-0.6556202173233032,2.094146251678467
1391,D8QHC3_wild,COC(=O)C=CC1=CC=C(C=C1)O,2.021602716028242,1.1392066478729248,-1.0798180103302002,2.1635704040527344
1392,D8QHD6_wild,COC(=O)C1=CC=C(C=C1)O,1.0969100130080565,1.1736677885055542,-0.5870120525360107,1.7328846454620361
1393,D8QHD6_wild,C1C(C(C(CC1(C(=O)O)O)OC(=O)C=CC2=CC(=C(C=C2)O)O)O)O,0.8750612633917001,1.4470456838607788,-0.6600768566131592,1.9376976490020752
1394,D8QHD6_wild,COC1=C(C=CC(=C1)C=CC(=O)OC)O,1.737987326333431,1.165528655052185,-0.6999300122261047,1.9325370788574219
1395,D8QHD6_wild,COC(=O)C=CC1=CC=C(C=C1)O,1.9609461957338314,1.1690996885299683,-0.995337188243866,2.084923267364502
1396,D8QHD6_wild,COC(=O)C=CC1=CC(=C(C=C1)O)O,1.5327543789924978,1.1763774156570435,-0.5749425888061523,2.0244646072387695
1397,A0A1D3S5H0_wild,COC1=CC(=CC(=C1O)OC)C=CC(=O)OC,1.2304489213782739,0.5160502791404724,-0.1789485216140747,1.6180760860443115
1398,A0A1D3S5H0_wild,COC1=C(C=CC(=C1)C=CC(=O)OC)O,2.3654879848909,0.6468326449394226,-0.4023229777812958,1.731369972229004
1399,A0A1D3S5H0_wild,COC(=O)C=CC1=CC=C(C=C1)O,2.7371926427047373,0.6897784471511841,-0.7714434862136841,1.9303538799285889
1400,A0A1D3S5H0_wild,COC(=O)C=CC1=CC(=C(C=C1)O)O,2.6414741105040997,0.6262790560722351,-0.23242540657520294,1.8658573627471924
1401,Q70Y21_wild,COC(=O)C=CC1=CC=C(C=C1)O,0.9800033715837464,0.7047430872917175,-1.0965582132339478,1.9600119590759277
1402,Q8WZI8_wild,COC(=O)C=CC1=CC=C(C=C1)O,1.8388490907372552,1.0142743587493896,-0.9940586686134338,2.0144357681274414
1403,Q8WZI8_wild,COC1=C(C=CC(=C1)C=CC(=O)OC)O,0.6020599913279624,1.0316444635391235,-0.5411236882209778,1.7875577211380005
1404,Q8WZI8_wild,C1C(C(C(CC1(C(=O)O)O)OC(=O)C=CC2=CC(=C(C=C2)O)O)O)O,1.7993405494535817,1.2867947816848755,-0.6946011781692505,1.9060043096542358
1405,Q8WZI8_wild,COC1=C(C=CC(=C1)C=CCOC(=O)C=CC2=CC=C(C=C2)O)O,2.146128035678238,1.1953755617141724,-0.9600666165351868,2.1319315433502197
1406,Q8WZI8_wild,COC(=O)C=CC1=CC(=C(C=C1)O)O,2.369215857410143,1.0615161657333374,-0.5735257863998413,1.9375953674316406
1407,Q93LE9_wild,CC(C(=O)NC(CO)C(=O)O)NC(=O)C(CCSC)NC=O,0.6989700043360189,0.45958858728408813,0.3472069799900055,0.7892440557479858
1408,E9N3U9_wild,CC(=CCCC(=CCOP(=O)(O)OP(=O)(O)O)C)C,-1.7695510786217261,-0.9115232825279236,-1.9649046659469604,0.4721796214580536
1409,Q44467_Y191F/Y215F,CC(C(=O)O)O,1.3424226808222062,0.47321420907974243,0.6208199262619019,0.7464872598648071
1410,Q44467_wild,C(C(C(=O)O)O)O,-0.060480747381381476,0.24407458305358887,0.664135754108429,0.24000665545463562
1411,Q44467_Y191A/Y215H,CC(C(=O)O)O,0.6989700043360189,0.5342437028884888,0.6450351476669312,0.7515950202941895
1412,Q44467_wild,CC(C(=O)[O-])O,2.45178643552429,0.8899978995323181,0.8041397333145142,0.49262142181396484
1413,Q44467_Y191L,CC(C(=O)O)O,0.8750612633917001,0.47694066166877747,0.654809832572937,0.7201124429702759
1414,Q44467_A95G,C1=CC=C(C=C1)C(C(=O)O)O,1.1986570869544226,0.7546209692955017,0.34685561060905457,0.6723594069480896
1415,Q44467_A95G,CC(C(=O)[O-])O,2.3979400086720375,0.8909910321235657,0.8214927315711975,0.46589213609695435
1416,Q44467_A95G,C(C(C(=O)O)O)O,1.4955443375464486,0.24645383656024933,0.6740062236785889,0.21181876957416534
1417,Q44467_A95G,CC(C(=O)O)O,2.146128035678238,0.49282851815223694,0.6851155161857605,0.6827239990234375
1418,Q44467_wild,CC(C(=O)O)O,2.4471580313422194,0.4917351007461548,0.6619495749473572,0.7114762663841248
1419,Q44467_wild,CCC(C(=O)[O-])O,1.0413926851582251,0.8336514830589294,0.48799172043800354,0.7098191976547241
1420,Q44467_A95G,CCCC(C(=O)[O-])O,1.7134905430939424,0.3674145042896271,0.4136796295642853,0.3216783404350281
1421,Q44467_wild,CCCC(C(=O)[O-])O,0.09691001300805642,0.36873388290405273,0.3957159221172333,0.3469279408454895
1422,Q44467_A95G,C1=CC=C(C=C1)C(C(=O)[O-])O,0.8195439355418687,0.7878373265266418,0.17850856482982635,0.6127731800079346
1423,Q44467_A95G,CCC(C(=O)[O-])O,2.7075701760979363,0.8322440981864929,0.5057023763656616,0.6792927980422974
1424,Q44467_wild,C1=CC=C(C=C1)C(C(=O)O)O,-2.4814860601221125,0.7594659924507141,0.33800581097602844,0.7008464336395264
1425,Q5XBL7_wild,C1=CC(=C(N=C1)C(=O)O)C(=O)O,0.7781512503836436,0.5880054831504822,-1.6453386545181274,1.4707025289535522
1426,O35543_wild,C(CC(=O)NC(CS)C(=O)NCC(=O)O)C(C(=O)O)N,1.4923412532549745,0.6797178387641907,-0.3793131411075592,1.004260778427124
1427,O35543_wild,CCCCCC(C=CC1C2CC(C1CC=CCCCC(=O)O)OO2)O,1.3364597338485296,0.0021880976855754852,-0.6577707529067993,1.2999860048294067
1428,O35543_wild,C1=CC(=C(C=C1[N+](=O)[O-])[N+](=O)[O-])Cl,0.6989700043360189,0.7081989645957947,0.2728583514690399,0.7895919680595398
1429,Q8H2B4_wild,CC(=CCCC(=CCOP(=O)(O)OP(=O)(O)O)C)C,-0.619788758288394,-0.5122151970863342,-1.8103270530700684,0.7655859589576721
1430,Q21NF7_wild,C(C1C(C(C(C(O1)OC2C(OC(C(C2O)O)O)CO)O)O)O)O,1.416640507338281,1.5183244943618774,1.305748701095581,0.2939904034137726
1431,Q6T1W7_wild,CC1C(C(C(C(O1)OP(=O)(O)OP(=O)(O)OCC2C(CC(O2)N3C=C(C(=O)NC3=O)C)O)O)N)O,0.36172783601759284,1.5567524433135986,-1.3706350326538086,2.0476901531219482
1432,Q6T1W7_wild,CC(=O)SCCNC(=O)CCNC(=O)C(C(C)(C)COP(=O)(O)OP(=O)(O)OCC1C(C(C(O1)N2C=NC3=C(N=CN=C32)N)O)OP(=O)(O)O)O,0.4913616938342727,1.2055453062057495,-1.237949013710022,2.136901378631592
1433,P0A9C3_wild,C(C1C(C(C(C(O1)O)O)O)O)O,4.278753600952829,1.6929608583450317,1.0167453289031982,1.5638830661773682
1434,Q9I685_Q65A,C1=NC(=C2C(=N1)N(C=N2)C3C(C(C(O3)CSCCC(C(=O)O)N)O)O)N,2.146128035678238,0.27026939392089844,-0.9117327928543091,2.3066930770874023
1435,Q9I685_wild,C1=NC(=C2C(=N1)N(C=N2)C3C(C(C(O3)CSCCC(C(=O)O)N)O)O)N,2.7596678446896306,0.27499210834503174,-0.9020640254020691,2.313680410385132
1436,Q6Q4F3_wild,C(C(C(=O)O)N)C(=O)N,-1.8927900303521317,2.219560384750366,-0.570560097694397,1.1060168743133545
1437,Q6Q4F3_wild,C(CC(=O)N)C(C(=O)O)N,-2.3665315444204134,2.009988307952881,0.04491565003991127,0.6088849306106567
1438,Q6Q4F3_wild,C(CC(=O)O)C(=O)N,-1.6216020990518623,2.054338216781616,0.08090327680110931,0.6496406197547913
1439,P00805_wild,C(CC(=O)N)C(C(=O)O)N,0.3424226808222063,2.0547618865966797,0.1535547375679016,1.0469564199447632
1440,P00805_wild,C(C(C(=O)O)N)C(=O)N,1.8573324964312685,2.1691417694091797,-0.42594295740127563,1.4880902767181396
1441,Q66CJ2_wild,C(C(C(=O)O)N)C(=O)N,-0.6575773191777937,2.57751727104187,-0.33811232447624207,1.495436429977417
1442,I0ZIE0_T169M,C(C(C(=O)O)N)C(=O)N,0.8692317197309762,1.6306461095809937,-0.41307389736175537,1.127246618270874
1443,I0ZIE0_Q63E,C(CC(=O)N)C(C(=O)O)N,1.1613680022349748,1.310479998588562,0.17309656739234924,0.7009135484695435
1444,I0ZIE0_M121C,C(C(C(=O)O)N)C(=O)N,0.6839471307515121,1.430955410003662,-0.37773898243904114,0.9279004335403442
1445,I0ZIE0_Q63E,C(C(C(=O)O)N)C(=O)N,0.814913181275074,1.5886648893356323,-0.3938513696193695,1.0718379020690918
1446,I0ZIE0_M121C/T169M,C(C(C(=O)O)N)C(=O)N,1.1445742076096164,1.4555414915084839,-0.3770923316478729,0.9467630982398987
1447,P50286_wild,C(CC(=O)N)C(C(=O)O)N,0.19865708695442263,1.7213517427444458,0.04335177317261696,0.5661884546279907
1448,P50286_S121P,C(C(C(=O)O)N)C(=O)N,1.9380190974762104,2.1118252277374268,-0.6584944128990173,1.2692592144012451
1449,P50286_wild,C(C(C(=O)O)N)C(=O)N,1.9903388547876015,2.006455898284912,-0.6188883185386658,1.123014211654663
1450,P50286_S121P,C(CC(=O)N)C(C(=O)O)N,1.0542299098633974,1.8589545488357544,0.0033911801874637604,0.7296500205993652
1451,Q31PS1_wild,CCCCCCCCC=CCCCCCCCC(=O)O,-1.7958800173440752,0.8824271559715271,-1.6616774797439575,1.577865481376648
1452,Q9I5F3_wild,C1C=CN(C=C1C(=O)N)C2C(C(C(O2)COP(=O)(O)OP(=O)(O)OCC3C(C(C(O3)N4C=NC5=C(N=CN=C54)N)O)O)O)O,1.0,0.9903308153152466,-0.45871806144714355,1.8245611190795898
1453,Q9I5F3_wild,CN(C)C1=CC=C(C=C1)N=NC2=CC=CC=C2C(=O)O,1.1038037209559568,0.5229209661483765,-1.064297080039978,1.9119179248809814
1454,Q9I5F3_Y131F,C1C=CN(C=C1C(=O)N)C2C(C(C(O2)COP(=O)(O)OP(=O)(O)OCC3C(C(C(O3)N4C=NC5=C(N=CN=C54)N)O)O)O)O,1.4014005407815442,0.9987459182739258,-0.47677668929100037,1.859419584274292
1455,Q9I5F3_Y131F,CN(C)C1=CC=C(C=C1)N=NC2=CC=CC=C2C(=O)O,1.2810333672477277,0.5311355590820312,-1.0838797092437744,1.9348143339157104
1456,Q9I5F3_Y131F,C1=CC(=CC=C1C(=O)NCCC(=O)O)N=NC2=CC(=C(C=C2)O)C(=O)O,1.3820170425748683,0.40154924988746643,-0.82100510597229,1.7366411685943604
1457,Q9I5F3_Y131F,C1C=CN(C=C1C(=O)N)C2C(C(C(O2)COP(=O)(O)OP(=O)(O)OCC3C(C(C(O3)N4C=NC5=C(N=CN=C54)N)OP(=O)(O)O)O)O)O,1.5502283530550942,0.942753255367279,-0.7000552415847778,1.9013327360153198
1458,Q9I5F3_wild,C1C=CN(C=C1C(=O)N)C2C(C(C(O2)COP(=O)(O)OP(=O)(O)OCC3C(C(C(O3)N4C=NC5=C(N=CN=C54)N)OP(=O)(O)O)O)O)O,1.526339277389844,0.9354540705680847,-0.694005012512207,1.866417407989502
1459,Q9I5F3_wild,C1=CC(=CC=C1C(=O)NCCC(=O)O)N=NC2=CC(=C(C=C2)O)C(=O)O,1.5658478186735176,0.3827750086784363,-0.7967687845230103,1.7054919004440308
1460,A0A0U3FQH7_wild,CC(=O)C(=O)[O-],0.9030899869919435,1.6774320602416992,-0.3400575816631317,1.0746678113937378
1461,A0A0U3FQH7_wild,C(C(=O)C(=O)O)C(=O)O,2.6473829701146196,1.5764217376708984,-0.9476563930511475,1.2778112888336182
1462,Q9FCA7_wild,CC(C)(COP(=O)(O)OP(=O)(O)OCC1C(C(C(O1)N2C=NC3=C(N=CN=C32)N)O)OP(=O)(O)O)C(C(=O)NCCC(=O)NCCSC(=O)CC(=O)O)O,-2.0969100130080562,-0.5520126223564148,-1.731204628944397,0.6499913334846497
1463,A1B9E3_G115F,C1C=CN(C=C1C(=O)N)C2C(C(C(O2)COP(=O)(O)OP(=O)(O)OCC3C(C(C(O3)N4C=NC5=C(N=CN=C54)N)O)O)O)O,0.3424226808222063,0.9073908925056458,-0.815029501914978,1.3138179779052734
1464,A1B9E3_G115I,C1C=CN(C=C1C(=O)N)C2C(C(C(O2)COP(=O)(O)OP(=O)(O)OCC3C(C(C(O3)N4C=NC5=C(N=CN=C54)N)O)O)O)O,0.23044892137827394,0.8627030849456787,-0.8003273010253906,1.2808213233947754
1465,A1B9E3_E77M,C1C=CN(C=C1C(=O)N)C2C(C(C(O2)COP(=O)(O)OP(=O)(O)OCC3C(C(C(O3)N4C=NC5=C(N=CN=C54)N)O)O)O)O,0.3979400086720376,0.7009527087211609,-0.8198015093803406,1.1642283201217651
1466,A1B9E3_E77K,C1C=CN(C=C1C(=O)N)C2C(C(C(O2)COP(=O)(O)OP(=O)(O)OCC3C(C(C(O3)N4C=NC5=C(N=CN=C54)N)O)O)O)O,-0.12493873660829995,-0.10951946675777435,-0.732740044593811,0.6297032833099365
1467,A1B9E3_E77A,C1C=CN(C=C1C(=O)N)C2C(C(C(O2)COP(=O)(O)OP(=O)(O)OCC3C(C(C(O3)N4C=NC5=C(N=CN=C54)N)O)O)O)O,1.252853030979893,0.5616180300712585,-0.7910149693489075,1.017451286315918
1468,A1B9E3_G118I,C1C=CN(C=C1C(=O)N)C2C(C(C(O2)COP(=O)(O)OP(=O)(O)OCC3C(C(C(O3)N4C=NC5=C(N=CN=C54)N)O)O)O)O,1.0791812460476249,0.7943212389945984,-0.8066787719726562,1.2111732959747314
1469,A1B9E3_G118F,C1C=CN(C=C1C(=O)N)C2C(C(C(O2)COP(=O)(O)OP(=O)(O)OCC3C(C(C(O3)N4C=NC5=C(N=CN=C54)N)O)O)O)O,1.8864907251724818,0.9057470560073853,-0.8203049898147583,1.3220040798187256
1470,A1B9E3_S113A,C1C=CN(C=C1C(=O)N)C2C(C(C(O2)COP(=O)(O)OP(=O)(O)OCC3C(C(C(O3)N4C=NC5=C(N=CN=C54)N)O)O)O)O,1.884795363948981,0.951402485370636,-0.7927156686782837,1.3399121761322021
1471,A1B9E3_R95A,C1C=CN(C=C1C(=O)N)C2C(C(C(O2)COP(=O)(O)OP(=O)(O)OCC3C(C(C(O3)N4C=NC5=C(N=CN=C54)N)O)O)O)O,2.164352855784437,0.8611947894096375,-0.7905761003494263,1.2840008735656738
1472,A1B9E3_R95E,C1C=CN(C=C1C(=O)N)C2C(C(C(O2)COP(=O)(O)OP(=O)(O)OCC3C(C(C(O3)N4C=NC5=C(N=CN=C54)N)O)O)O)O,1.3242824552976926,0.6371871829032898,-0.8116265535354614,1.0777454376220703
1473,A1B9E3_wild,C1C=CN(C=C1C(=O)N)C2C(C(C(O2)COP(=O)(O)OP(=O)(O)OCC3C(C(C(O3)N4C=NC5=C(N=CN=C54)N)O)O)O)O,2.41161970596323,0.9718814492225647,-0.8000984787940979,1.3667826652526855
1474,A1B9E3_R80K,C1C=CN(C=C1C(=O)N)C2C(C(C(O2)COP(=O)(O)OP(=O)(O)OCC3C(C(C(O3)N4C=NC5=C(N=CN=C54)N)O)O)O)O,0.9777236052888478,1.0145084857940674,-0.8122327327728271,1.399705171585083
1475,A1B9E3_R80L,C1C=CN(C=C1C(=O)N)C2C(C(C(O2)COP(=O)(O)OP(=O)(O)OCC3C(C(C(O3)N4C=NC5=C(N=CN=C54)N)O)O)O)O,-0.8477116556169436,0.9820496439933777,-0.766103982925415,1.4068495035171509
1476,A1B9E3_R80E,C1C=CN(C=C1C(=O)N)C2C(C(C(O2)COP(=O)(O)OP(=O)(O)OCC3C(C(C(O3)N4C=NC5=C(N=CN=C54)N)O)O)O)O,-0.5606673061697374,0.9768926501274109,-0.7803376913070679,1.3589224815368652
1477,A1B9E3_Y78A,C1C=CN(C=C1C(=O)N)C2C(C(C(O2)COP(=O)(O)OP(=O)(O)OCC3C(C(C(O3)N4C=NC5=C(N=CN=C54)N)O)O)O)O,2.292256071356476,0.8785712122917175,-0.749398410320282,1.2400699853897095
1478,A1B9E3_E77L,C1C=CN(C=C1C(=O)N)C2C(C(C(O2)COP(=O)(O)OP(=O)(O)OCC3C(C(C(O3)N4C=NC5=C(N=CN=C54)N)O)O)O)O,-1.1426675035687315,0.7384233474731445,-0.8208729028701782,1.1837975978851318
1479,A1B9E3_R80M,C1C=CN(C=C1C(=O)N)C2C(C(C(O2)COP(=O)(O)OP(=O)(O)OCC3C(C(C(O3)N4C=NC5=C(N=CN=C54)N)O)O)O)O,-0.5199930570428494,1.0079494714736938,-0.7849844098091125,1.4528412818908691
1480,Q9RSV5_wild,C1C(C(OC1N2C=CC(=NC2=O)N)CO)O,1.7937903846908188,0.06344276666641235,-0.9310461282730103,1.8262823820114136
1481,Q76GS2_A43V/D124E,C1C=CN(C=C1C(=O)N)C2C(C(C(O2)COP(=O)(O)OP(=O)(O)OCC3C(C(C(O3)N4C=NC5=C(N=CN=C54)N)O)O)O)O,2.041392685158225,1.442928671836853,-1.0607450008392334,1.8543204069137573
1482,Q76GS2_wild,C1C=CN(C=C1C(=O)N)C2C(C(C(O2)COP(=O)(O)OP(=O)(O)OCC3C(C(C(O3)N4C=NC5=C(N=CN=C54)N)O)O)O)O,1.9822712330395684,1.4595553874969482,-1.0597552061080933,1.8476133346557617
1483,P0A392_wild,CC(C)(C)C(=O)C(=O)[O-],-1.7958800173440752,1.4320335388183594,0.6839256286621094,1.2294797897338867
1484,P0A392_E116V,C1C=CN(C=C1C(=O)N)C2C(C(C(O2)COP(=O)(O)OP(=O)(O)OCC3C(C(C(O3)N4C=NC5=C(N=CN=C54)N)O)O)O)O,0.11394335230683679,1.5440802574157715,-1.0466008186340332,1.8533287048339844
1485,P0A392_T45M/E116V,CC(C)(C)C(=O)C(=O)[O-],-1.4436974992327127,1.4416753053665161,0.6542848944664001,1.2421929836273193
1486,P0A392_E116V,CC(C)(C)C(=O)C(=O)[O-],-1.4814860601221125,1.3974910974502563,0.6563307642936707,1.2124361991882324
1487,P0A392_T45M,C1=CC=C(C=C1)C(=O)C(=O)[O-],-1.2218487496163564,1.4689992666244507,-0.03456171602010727,1.1651158332824707
1488,P0A392_wild,CCC(=O)C(=O)[O-],-0.826813731587726,1.5832825899124146,0.3786798417568207,0.9963853359222412
1489,P0A392_T45M,CC(C)(C)C(=O)C(=O)[O-],-2.2218487496163566,1.4684988260269165,0.6811892986297607,1.2542345523834229
1490,P0A392_wild,C1=CC=C(C=C1)C(=O)C(=O)[O-],-0.7399286120149252,1.445228099822998,-0.03604309260845184,1.1392838954925537
1491,P0A392_wild,CC(C)CC(=O)C(=O)O,-0.33068311943388784,1.49144446849823,0.125846728682518,1.0398359298706055
1492,P0A392_T45M,CC(C)CC(=O)C(=O)O,-0.2740883677049518,1.5357075929641724,0.12728555500507355,1.058640956878662
1493,P0A392_T45M,CCC(=O)C(=O)[O-],-0.7594507517174003,1.6077553033828735,0.3733416199684143,1.0176055431365967
1494,P0A392_wild,CCCC(=O)C(=O)[O-],-0.4788619162959637,1.5269038677215576,0.3956039249897003,0.9321322441101074
1495,P0A392_E116V,C1=CC=C(C=C1)C(=O)C(=O)[O-],-0.9956786262173574,1.4099928140640259,-0.06613120436668396,1.120051622390747
1496,P0A392_wild,CC(C)C(=O)C(=O)O,-0.3205721033878811,1.5415621995925903,0.45513686537742615,1.0063997507095337
1497,P0A392_E116V,CCC(=O)C(=O)[O-],-0.7746907182741372,1.5424318313598633,0.3468696177005768,0.9958471059799194
1498,P0A392_E116V,CC(C)CC(=O)C(=O)O,-0.265200170411153,1.4932233095169067,0.09136968851089478,1.0246994495391846
1499,P0A392_T45M/E116V,C1C=CN(C=C1C(=O)N)C2C(C(C(O2)COP(=O)(O)OP(=O)(O)OCC3C(C(C(O3)N4C=NC5=C(N=CN=C54)N)O)O)O)O,-0.543633966870957,1.5722087621688843,-1.0484402179718018,1.906219720840454
1500,P0A392_T45M/E116V,CCC(=O)C(=O)[O-],-0.5466816599529624,1.5751279592514038,0.3399524688720703,1.0183430910110474
1501,P0A392_T45M/E116V,CC(C)C(=O)C(=O)O,-0.41793663708829126,1.5873734951019287,0.4248022437095642,1.010217308998108
1502,P0A392_T45M/E116V,C1=CC=C(C=C1)C(=O)C(=O)[O-],-0.6695862266508091,1.4419180154800415,-0.06707235425710678,1.1508386135101318
1503,P0A392_T45M/E116V,CC(C)CC(=O)C(=O)O,-0.4145392704914993,1.5439280271530151,0.09188079833984375,1.0483659505844116
1504,P0A392_E116V,CCCC(=O)C(=O)[O-],-0.4156687756324692,1.4823145866394043,0.36043351888656616,0.915545642375946
1505,P0A392_T45M/E116V,CCCC(=O)C(=O)[O-],-0.889410289700751,1.5133605003356934,0.35529449582099915,0.9375951886177063
1506,P0A392_T45M,CCCC(=O)C(=O)[O-],-0.23062267392386154,1.549798607826233,0.39098888635635376,0.9497637748718262
1507,P0A392_wild,C1C=CN(C=C1C(=O)N)C2C(C(C(O2)COP(=O)(O)OP(=O)(O)OCC3C(C(C(O3)N4C=NC5=C(N=CN=C54)N)O)O)O)O,-0.26440110030182007,1.5744938850402832,-1.0217825174331665,1.8746697902679443
1508,P0A392_T45M,CC(C)C(=O)C(=O)O,-0.15366288787019475,1.5827412605285645,0.4602471888065338,1.0254762172698975
1509,P0A392_T45M,C1C=CN(C=C1C(=O)N)C2C(C(C(O2)COP(=O)(O)OP(=O)(O)OCC3C(C(C(O3)N4C=NC5=C(N=CN=C54)N)O)O)O)O,-0.2580609222708011,1.5962625741958618,-1.02239191532135,1.921559453010559
1510,P0A392_E116V,CC(C)C(=O)C(=O)O,-0.18111458540599013,1.5440410375595093,0.420441597700119,0.9871350526809692
1511,A0A068FCF1_wild,CC(C)(C)C(=O)C(=O)[O-],1.973589623427257,1.5872607231140137,0.6654074788093567,1.3226896524429321
1512,A0A068FCF1_E24V/E116V,C1C=CN(C=C1C(=O)N)C2C(C(C(O2)COP(=O)(O)OP(=O)(O)OCC3C(C(C(O3)N4C=NC5=C(N=CN=C54)N)O)O)O)O,1.545307116465824,1.718824028968811,-1.0759576559066772,1.9726823568344116
1513,A0A068FCF1_E116V,C1C=CN(C=C1C(=O)N)C2C(C(C(O2)COP(=O)(O)OP(=O)(O)OCC3C(C(C(O3)N4C=NC5=C(N=CN=C54)N)O)O)O)O,1.7817553746524688,1.6676392555236816,-1.0536552667617798,1.9459679126739502
1514,A0A068FCF1_E116V,CC(C)(C)C(=O)C(=O)[O-],1.7817553746524688,1.5472015142440796,0.6386825442314148,1.301601529121399
1515,A0A068FCF1_D126E,CC(C)(C)C(=O)C(=O)[O-],1.8887409606828927,1.5778037309646606,0.6634107828140259,1.3204600811004639
1516,A0A068FCF1_D126E,C1C=CN(C=C1C(=O)N)C2C(C(C(O2)COP(=O)(O)OP(=O)(O)OCC3C(C(C(O3)N4C=NC5=C(N=CN=C54)N)O)O)O)O,1.7067177823367587,1.6922287940979004,-1.019269585609436,1.9644794464111328
1517,A0A068FCF1_wild,C1C=CN(C=C1C(=O)N)C2C(C(C(O2)COP(=O)(O)OP(=O)(O)OCC3C(C(C(O3)N4C=NC5=C(N=CN=C54)N)O)O)O)O,1.5276299008713388,1.7012889385223389,-1.0282855033874512,1.9678373336791992
1518,A0A068FCF1_E24A/D126E,C1C=CN(C=C1C(=O)N)C2C(C(C(O2)COP(=O)(O)OP(=O)(O)OCC3C(C(C(O3)N4C=NC5=C(N=CN=C54)N)O)O)O)O,1.6294095991027189,1.7419453859329224,-1.0415399074554443,1.9900295734405518
1519,A0A068FCF1_E24V/E116V,CC(C)(C)C(=O)C(=O)[O-],1.8208579894397,1.584269404411316,0.6145111918449402,1.3277647495269775
1520,A0A068FCF1_E24A/D126E,CC(C)(C)C(=O)C(=O)[O-],1.9698816437464999,1.6173455715179443,0.6522822976112366,1.3370370864868164
1521,A0A385GJJ6_wild,C(CC(C(=O)O)N)CN=C(N)N,1.14921911265538,1.7859387397766113,-0.006590839475393295,0.9302943348884583
1522,A0A385GJJ6_wild,C1CC(NC1)C(=O)O,1.3180633349627615,1.3480942249298096,0.6557456851005554,0.6900389790534973
1523,A0A385GJJ6_wild,CSCCC(C(=O)O)N,1.2201080880400552,1.378625750541687,-0.09202376008033752,1.077404499053955
1524,A0A385GJJ6_wild,C1=CC(=CC=C1CC(C(=O)O)N)O,1.421603926869831,1.130971074104309,-0.16236014664173126,1.2578492164611816
1525,A0A385GJJ6_wild,CC(C)CC(C(=O)O)N,1.478999131673357,1.5423730611801147,-0.3850330412387848,1.0861315727233887
1526,B1YLR3_wild,CC(C)CC(C(=O)O)N,0.6334684555795865,0.8307951092720032,-0.49672064185142517,1.1250262260437012
1527,B1YLR3_wild,C1=CC(=C[N+](=C1)C2C(C(C(O2)COP(=O)([O-])OP(=O)(O)OCC3C(C(C(O3)N4C=NC5=C(N=CN=C54)N)O)O)O)O)C(=O)N,0.9242792860618817,1.3504444360733032,-0.5673665404319763,1.5862023830413818
1528,B1YLR3_wild,CC(C)(C)C(=O)C(=O)[O-],1.657055852857104,1.4237300157546997,0.6355949640274048,1.2096126079559326
1529,B1YLR3_wild,C1C=CN(C=C1C(=O)N)C2C(C(C(O2)COP(=O)(O)OP(=O)(O)OCC3C(C(C(O3)N4C=NC5=C(N=CN=C54)N)O)O)O)O,1.885926339801431,1.5698927640914917,-0.9964344501495361,1.9001648426055908
1530,A0A0K0PVW1_wild,CC(=CCCC(C)(C1CCC2(C1C(CC3C2(CC(C4C3(CCC(C4(C)C)O)C)O)C)O)C)O)C,0.9590413923210936,-1.401068091392517,-1.2514821290969849,0.11330205202102661
1531,B0V8W9_wild,C1=CC(=C[N+](=C1)C2C(C(C(O2)COP(=O)(O)O)O)O)C(=O)O,-2.494850021680094,0.6999853253364563,-0.5856159925460815,0.8762298822402954
1532,Q1M7F4_Q215N,C(=O)(N)NC(=O)N,-0.721246399047171,1.4648277759552002,-0.4470812976360321,0.6448656916618347
1533,Q1M7F4_F41W,C(=O)(N)NC(=O)N,-0.585026652029182,1.4726815223693848,-0.4062173068523407,0.6276497840881348
1534,Q1M7F4_F41Y,C(=O)(N)NC(=O)N,-0.09151498112135023,1.4584605693817139,-0.4414959251880646,0.6145881414413452
1535,Q1M7F4_Q215A,C(=O)(N)NC(=O)N,-0.13076828026902382,1.4094932079315186,-0.42470431327819824,0.6152726411819458
1536,Q1M7F4_F41L/K142A,C(=O)(N)NC(=O)N,-1.154901959985743,1.0549266338348389,-0.23824334144592285,0.32282644510269165
1537,Q1M7F4_F41A,C(=O)(N)NC(=O)N,-0.8538719643217619,1.3375563621520996,-0.3361433446407318,0.5028881430625916
1538,Q1M7F4_wild,C(=O)(N)NC(=O)N,1.0755469613925308,1.46505606174469,-0.4386145770549774,0.6471662521362305
1539,Q1M7F4_Q215E,C(=O)(N)NC(=O)N,-0.5376020021010439,1.433125615119934,-0.4176042675971985,0.6368284225463867
1540,Q59224_V144D,C1=CC=C(C=C1)CC(C(=O)O)N,1.130333768495006,0.8054389953613281,-0.13695606589317322,0.866458535194397
1541,Q59224_wild,C1=CC=C(C=C1)CC(C(=O)O)N,1.6989700043360187,0.8608404994010925,-0.15127290785312653,0.9178261756896973
1542,Q59224_V144L,C1=CC(=CC=C1CC(C(=O)O)N)O,1.414973347970818,0.17182503640651703,0.1216897964477539,0.8706175684928894
1543,Q59224_V144N,C1=CC(=CC=C1CC(C(=O)O)N)O,1.7558748556724915,0.16090770065784454,0.1375156044960022,0.8296686410903931
1544,Q59224_V144N,C1=CC=C(C=C1)CC(C(=O)O)N,1.3617278360175928,0.8611175417900085,-0.13518904149532318,0.8892712593078613
1545,Q59224_wild,C1=CC(=CC=C1CC(C(=O)O)N)O,1.7634279935629373,0.17124496400356293,0.11888638138771057,0.862143874168396
1546,Q59224_V144D,C1=CC(=CC=C1CC(C(=O)O)N)O,1.4548448600085102,0.12426231801509857,0.13974328339099884,0.8114751577377319
1547,Q50LH0_E487Q,C(C1C(C(C(C(O1)OP(=O)(O)O)O)O)O)O,0.5440680443502757,1.2062796354293823,-0.900333046913147,1.349086046218872
1548,Q50LH0_E487Q,C(C1C(C(C(C(O1)O)O)O)O)O,0.5797835966168101,1.335959553718567,0.07790115475654602,0.7564594745635986
1549,Q50LH0_wild,C(C1C(C(C(C(O1)OC2C(OC(C(C2O)O)O)CO)O)O)O)O,1.2380461031287955,1.2437800168991089,-0.2434920072555542,1.0318057537078857
1550,Q50LH0_wild,C(C1C(C(C(C(O1)OP(=O)(O)O)O)O)O)O,1.6384892569546374,1.262900948524475,-0.9113477468490601,1.4091880321502686
1551,Q50LH0_wild,[O-]P(=O)([O-])[O-],1.110589710299249,2.0549051761627197,-1.1311980485916138,1.8033350706100464
1552,Q50LH0_wild,C(C1C(C(C(C(O1)O)O)O)O)O,1.6937269489236468,1.3902276754379272,0.0695551186800003,0.8100382685661316
1553,D6XUS4_wild,C(C1C(C(C(C(O1)OC(C=O)C(C(C(CO)O)O)O)O)O)O)O,1.6020599913279625,1.2680548429489136,0.30603644251823425,0.8014744520187378
1554,D6XUS4_wild,C(C1C(C(C(C(O1)OC2C(OC(C(C2O)O)O)CO)O)O)O)O,1.089905111439398,1.336661458015442,0.005877409130334854,0.9501567482948303
1555,A0A0E4A9D6_wild,CC(=O)C(=O)C,0.7860412102425542,1.1654354333877563,0.23498055338859558,1.0503485202789307
1556,A0A0E4A9D6_wild,CC(C(C)O)O,0.631443769013172,1.01570725440979,1.0605727434158325,0.39618927240371704
1557,A0A0E4A9D6_wild,C1C=CN(C=C1C(=O)N)C2C(C(C(O2)COP(=O)(O)OP(=O)(O)OCC3C(C(C(O3)N4C=NC5=C(N=CN=C54)N)O)O)O)O,0.75815462196739,1.3991656303405762,-1.0511791706085205,1.8852263689041138
1558,A0A0E4A9D6_wild,C1=CC(=C[N+](=C1)C2C(C(C(O2)COP(=O)([O-])OP(=O)(O)OCC3C(C(C(O3)N4C=NC5=C(N=CN=C54)N)O)O)O)O)C(=O)N,1.011570443597278,0.8422511219978333,-0.5612526535987854,1.4314603805541992
1559,F8TEL7_wild,CC(C(C)O)O,0.3222192947339193,0.961937665939331,1.3716684579849243,0.31530478596687317
1560,F8TEL7_wild,CC(=O)C,1.7403626894942439,0.1467251181602478,-0.19308997690677643,0.4125831127166748
1561,F8TEL7_wild,C1C=CN(C=C1C(=O)N)C2C(C(C(O2)COP(=O)(O)OP(=O)(O)OCC3C(C(C(O3)N4C=NC5=C(N=CN=C54)N)OP(=O)(O)O)O)O)O,1.8325089127062364,1.0559608936309814,-0.9918173551559448,2.027111053466797
1562,F8TEL7_wild,CC(C(=O)C)O,2.1760912590556813,0.8658391833305359,1.2989665269851685,0.654339075088501
1563,F8TEL7_wild,CCC(=O)C,1.6434526764861874,0.6099488139152527,-0.19969770312309265,0.8412202596664429
1564,F8TEL7_wild,CC=O,1.9684829485539352,1.2303446531295776,0.7066651582717896,1.067201852798462
1565,A0A7G4NVP1_wild,C(C=O)O,1.5719416350744624,0.7681745886802673,1.0567800998687744,0.5780803561210632
1566,A0A7G4NVP1_wild,CC=O,1.7525861787404093,1.1173697710037231,0.7164654731750488,1.0047833919525146
1567,A0A7G4NVP2_wild,CC=O,1.985067033150501,1.1191753149032593,0.7380084991455078,1.1961407661437988
1568,A0A7G4NVP2_wild,C(C=O)O,1.7280289544205185,0.8737706542015076,1.0415619611740112,0.7100961804389954
1569,Q4K418_Y256R,CC(C)(COP(=O)(O)OP(=O)(O)OCC1C(C(C(O1)N2C=NC3=C(N=CN=C32)N)O)OP(=O)(O)O)C(C(=O)NCCC(=O)NCCSC(=O)CC(=O)O)O,-0.6989700043360187,-0.16816116869449615,-1.6217621564865112,1.019063949584961
1570,Q4K418_wild,CC(C)(COP(=O)(O)OP(=O)(O)OCC1C(C(C(O1)N2C=NC3=C(N=CN=C32)N)O)OP(=O)(O)O)C(C(=O)NCCC(=O)NCCSC(=O)CC(=O)O)O,-0.3979400086720376,-0.279406875371933,-1.6141330003738403,1.0011101961135864
1571,Q4K418_K210L,CC(C)(COP(=O)(O)OP(=O)(O)OCC1C(C(C(O1)N2C=NC3=C(N=CN=C32)N)O)OP(=O)(O)O)C(C(=O)NCCC(=O)NCCSC(=O)CC(=O)O)O,-0.6777807052660807,-0.32964593172073364,-1.5834487676620483,0.9569447040557861
1572,Q4K418_Y256R/A289R,CC(C)(COP(=O)(O)OP(=O)(O)OCC1C(C(C(O1)N2C=NC3=C(N=CN=C32)N)O)OP(=O)(O)O)C(C(=O)NCCC(=O)NCCSC(=O)CC(=O)O)O,-1.0969100130080565,-0.21755553781986237,-1.6366194486618042,0.9977343082427979
1573,Q4K418_K210L/Y256R,CC(C)(COP(=O)(O)OP(=O)(O)OCC1C(C(C(O1)N2C=NC3=C(N=CN=C32)N)O)OP(=O)(O)O)C(C(=O)NCCC(=O)NCCSC(=O)CC(=O)O)O,-0.958607314841775,-0.19444377720355988,-1.5946415662765503,0.9781790375709534
1574,Q4K418_A289R,CC(C)(COP(=O)(O)OP(=O)(O)OCC1C(C(C(O1)N2C=NC3=C(N=CN=C32)N)O)OP(=O)(O)O)C(C(=O)NCCC(=O)NCCSC(=O)CC(=O)O)O,-0.8860566476931633,-0.32670170068740845,-1.6270345449447632,0.9776914119720459
1575,A0A1D3US71_wild,CC(=O)OC1=CC=C(C=C1)[N+](=O)[O-],2.0453229787866576,1.7489715814590454,-0.9187232255935669,2.1777522563934326
1576,G8UJ84_wild,CC(=O)OC1=CC=C(C=C1)[N+](=O)[O-],2.0453229787866576,1.7541989088058472,-0.9316601753234863,2.1894948482513428
1577,Q93YN9_N239A,C1(C(C(C(C(C1OP(=O)(O)O)OP(=O)(O)O)OP(=O)(O)O)OP(=O)(O)O)OP(=O)(O)O)O,-0.5767541260631921,0.24023288488388062,-2.399035930633545,1.1375164985656738
1578,Q93YN9_wild,C1(C(C(C(C(C1OP(=O)(O)O)OP(=O)(O)O)OP(=O)(O)O)OP(=O)(O)O)O)O,-0.958607314841775,0.3406600058078766,-2.2568552494049072,1.0241024494171143
1579,Q93YN9_R192A,C1(C(C(C(C(C1OP(=O)(O)O)OP(=O)(O)O)OP(=O)(O)O)OP(=O)(O)O)OP(=O)(O)O)O,-0.4353339357479107,0.26336291432380676,-2.3891940116882324,1.1289063692092896
1580,Q93YN9_N238A,C1(C(C(C(C(C1OP(=O)(O)O)OP(=O)(O)O)OP(=O)(O)O)OP(=O)(O)O)OP(=O)(O)O)O,-0.6090648928966209,0.25346824526786804,-2.403834819793701,1.1400563716888428
1581,Q93YN9_K200A,C1(C(C(C(C(C1OP(=O)(O)O)OP(=O)(O)O)OP(=O)(O)O)OP(=O)(O)O)OP(=O)(O)O)O,-0.5543957967264024,0.27496767044067383,-2.387176752090454,1.146347999572754
1582,Q93YN9_R45A,C1(C(C(C(C(C1OP(=O)(O)O)OP(=O)(O)O)OP(=O)(O)O)OP(=O)(O)O)OP(=O)(O)O)O,-0.34390179798716813,0.30327722430229187,-2.3904247283935547,1.1597297191619873
1583,Q93YN9_Y419A,C1(C(C(C(C(C1OP(=O)(O)O)OP(=O)(O)O)OP(=O)(O)O)OP(=O)(O)O)OP(=O)(O)O)O,-0.15864052954514513,0.26563844084739685,-2.4015450477600098,1.157861351966858
1584,Q93YN9_R415A,C1(C(C(C(C(C1OP(=O)(O)O)OP(=O)(O)O)OP(=O)(O)O)OP(=O)(O)O)OP(=O)(O)O)O,-0.19044028536473223,0.2795576751232147,-2.388296604156494,1.1551430225372314
1585,Q93YN9_H196A,C1(C(C(C(C(C1OP(=O)(O)O)OP(=O)(O)O)OP(=O)(O)O)OP(=O)(O)O)OP(=O)(O)O)O,-0.24488773360492888,0.2520700693130493,-2.3917551040649414,1.1480834484100342
1586,Q93YN9_wild,C1(C(C(C(C(C1OP(=O)(O)O)OP(=O)(O)O)O)OP(=O)(O)O)OP(=O)(O)O)O,-0.3390397082239164,0.22669726610183716,-2.2258801460266113,0.9431390762329102
1587,A0A6N4SMB5_wild,C1=NC(=C2C(=N1)N(C=N2)C3C(C(C(O3)COP(=O)(O)OP(=O)(O)OP(=O)(O)O)O)O)N,-0.5376020021010439,0.9791926741600037,0.18078897893428802,1.4770779609680176
1588,A0A6N4SMB5_wild,C1C(C(OC1N2C=NC3=C(N=CN=C32)N)COP(=O)(O)OP(=O)(O)O)O,-0.23657200643706275,0.6871040463447571,0.062181416898965836,1.3893200159072876
1589,A0A6N4SMB5_wild,C1C(C(OC1N2C=NC3=C(N=CN=C32)N)COP(=O)(O)O)O,0.4424797690644485,0.6183150410652161,0.08563186228275299,1.3117146492004395
1590,A0A6N4SMB5_wild,C1=NC2=C(N1C3C(C(C(O3)COP(=O)(O)OP(=O)(O)O)O)O)N=C(NC2=O)N,0.5865873046717549,0.9532726407051086,0.3712119162082672,1.2739307880401611
1591,A0A6N4SMB5_wild,C1=NC2=C(N1C3C(C(C(O3)COP(=O)(O)O)O)O)N=C(NC2=O)N,0.8394780473741984,1.014119029045105,0.29395124316215515,1.3230633735656738
1592,A0A6N4SMB5_wild,C1=NC(=C2C(=N1)N(C=N2)C3C(C(C(O3)COP(=O)(O)OP(=O)(O)O)O)O)N,0.9726655922661109,1.038494348526001,-0.014821421355009079,1.6483442783355713
1593,A0A6N4SMB5_wild,C1=NC(=C2C(=N1)N(C=N2)C3C(C(C(O3)COP(=O)(O)O)O)O)N,1.2260841159758238,1.0999447107315063,-0.15370170772075653,1.8032410144805908
1594,Q9RY20_wild,C1=NC2=C(N1C3C(C(C(O3)COP(=O)(O)O)O)O)N=C(NC2=O)N,-0.09691001300805639,0.5579123497009277,0.020063448697328568,0.6583386659622192
1595,Q9RY20_wild,C1=NC(=C2C(=N1)N(C=N2)C3C(C(C(O3)COP(=O)(O)OP(=O)(O)O)O)O)N,-0.3979400086720376,0.6946868896484375,-0.22926563024520874,1.0155023336410522
1596,Q9RY20_wild,C1C(C(OC1N2C=NC3=C(N=CN=C32)N)COP(=O)(O)O)O,-1.2218487496163564,0.15271390974521637,-0.20961999893188477,0.8137667775154114
1597,Q9RY20_wild,C1=NC(=C2C(=N1)N(C=N2)C3C(C(C(O3)COP(=O)(O)O)O)O)N,1.9752939153562064,0.8310452103614807,-0.4115278720855713,1.2317605018615723
1598,M9XB82_wild,C1=NC(=C2C(=N1)N(C=N2)C3C(C(C(O3)COP(=O)(O)O)O)O)N,0.8512583487190752,-0.0390232689678669,-0.47314390540122986,0.782604455947876
1599,M9XB82_N121D,C1=NC(=C2C(=N1)N(C=N2)C3C(C(C(O3)COP(=O)(O)OP(=O)(O)O)O)O)N,-1.8239087409443189,-0.12474282085895538,-0.3264310359954834,0.5610009431838989
1600,M9XB82_wild,C1=NC(=C2C(=N1)N(C=N2)C3C(C(C(O3)COP(=O)(O)OP(=O)(O)O)O)O)N,-0.6090648928966209,-0.07727934420108795,-0.35255932807922363,0.5984337329864502
1601,M9XB82_N121D,C1=NC(=C2C(=N1)N(C=N2)C3C(C(C(O3)COP(=O)(O)O)O)O)N,0.3961993470957364,-0.07435323297977448,-0.4464510977268219,0.7551459074020386
1602,A0A1B1LZ58_wild,C(C(C(C(C=O)O)O)O)O,2.1532049000842846,2.3117878437042236,1.3646550178527832,0.6463185548782349
1603,A0A0K2JL70_wild,C(C(C(=O)O)N)C(=O)O,0.05690485133647256,-0.1400298774242401,0.29464608430862427,0.3826320767402649
1604,A0A0K2JL70_wild,C1C=CN(C=C1C(=O)N)C2C(C(C(O2)COP(=O)(O)OP(=O)(O)OCC3C(C(C(O3)N4C=NC5=C(N=CN=C54)N)OP(=O)(O)O)O)O)O,0.07554696139253074,-0.13352790474891663,-1.5053659677505493,1.173848032951355
1605,Q5FSN8_wild,C1=CC(=CC(=C1)[N+](=O)[O-])[N+](=O)[O-],-0.619788758288394,0.773632824420929,-0.9071043133735657,0.637741208076477
1606,Q5FSN8_wild,C1=CC=C(C(=C1)[N+](=O)[O-])Cl,-0.8239087409443188,0.10361622273921967,-0.6896467208862305,0.6722172498703003
1607,Q5FSN8_wild,C1C=CN(C=C1C(=O)N)C2C(C(C(O2)COP(=O)(O)OP(=O)(O)OCC3C(C(C(O3)N4C=NC5=C(N=CN=C54)N)OP(=O)(O)O)O)O)O,0.021189299069938092,0.4599567949771881,-1.4454277753829956,0.8951835632324219
1608,Q5FSN8_wild,C1=CC(=CC=C1[N+](=O)[O-])Cl,-0.9208187539523752,0.36876627802848816,-0.7273093461990356,0.5062574744224548
1609,Q5FSN8_wild,CC1=CC=C(C=C1)[N+](=O)[O-],-0.8860566476931633,0.5360684990882874,-0.8147549033164978,0.7079625725746155
1610,Q5FSN8_wild,C1CN1C2=C(C=C(C(=C2)C(=O)N)[N+](=O)[O-])[N+](=O)[O-],0.02530586526477026,0.09643144905567169,-0.8124068975448608,0.6109645366668701
1611,Q5FSN8_wild,C1=CC=C(C=C1)[N+](=O)[O-],-0.744727494896694,0.817581832408905,-0.6071839332580566,0.432148814201355
1612,Q5FSN8_wild,CC1=CC(=CC=C1)[N+](=O)[O-],-0.744727494896694,0.6280262470245361,-0.7704199552536011,0.5554995536804199
1613,Q0K080_wild,C(C(C(C(C(=O)C(=O)[O-])O)O)O)O,0.7634279935629373,0.9576017260551453,-0.2666599154472351,1.093947172164917
1614,Q0K080_wild,C(C(C(CO)O)O)C(=O)C(=O)O,1.0086001717619175,0.6605985760688782,0.028498727828264236,0.7863150835037231
1615,Q0K080_wild,C1=NC(=C2C(=N1)N(C=N2)C3C(C(C(O3)COP(=O)(O)OP(=O)(O)OP(=O)(O)O)O)O)N,0.756636108245848,1.0479071140289307,-0.4923171103000641,1.2221976518630981
1616,P29729_C91L,CCC1=C(C(=NC1=O)C=C2C(=C(C(=CC3=C(C(=C(N3)C=C4C(=CC)C(C(=O)N4)C)C)CCC(=O)O)N2)CCC(=O)O)C)C,-3.8239087409443187,-2.2526168823242188,-2.00392484664917,0.0543304979801178
1617,P29729_C161L,CCC1=C(C(=NC1=O)C=C2C(=C(C(=CC3=C(C(=C(N3)C=C4C(=CC)C(C(=O)N4)C)C)CCC(=O)O)N2)CCC(=O)O)C)C,-5.154901959985743,-2.2626423835754395,-2.0372157096862793,0.0719434916973114
1618,P29729_wild,CCC1=C(C(=NC1=O)C=C2C(=C(C(=CC3=C(C(=C(N3)C=C4C(=CC)C(C(=O)N4)C)C)CCC(=O)O)N2)CCC(=O)O)C)C,-4.6777807052660805,-2.375473976135254,-2.02276349067688,-0.016461104154586792
1619,P29729_C48Q,CCC1=C(C(=NC1=O)C=C2C(=C(C(=CC3=C(C(=C(N3)C=C4C(=CC)C(C(=O)N4)C)C)CCC(=O)O)N2)CCC(=O)O)C)C,-4.7447274948966935,-2.2362349033355713,-2.027505397796631,0.031782448291778564
1620,C0ZPW5_wild,CC(C)CCCC(C)C1CCC2C1(CCC3C2CC=C4C3(CCC(C4)O)C)C,0.8325089127062363,0.5016030073165894,-1.4634052515029907,1.4520924091339111
1621,C0ZNA9_wild,CC(C)CCCC(C)C1CCC2C1(CCC3C2CC=C4C3(CCC(C4)O)C)C,-0.21467016498923297,0.32359713315963745,-1.4513707160949707,1.289980411529541
1622,M1URK1_wild,[O-]S(=O)[O-],0.28555730900777376,1.0606205463409424,-1.360958456993103,0.8644792437553406
1623,M1V771_wild,[O-]S(=O)[O-],-1.1079053973095196,1.0693833827972412,-1.2789965867996216,0.7629795074462891
1624,M1V771_G212S/L213T/Y214L/S217C/C220I/S221N,[O-]S(=O)[O-],-0.8761483590329142,1.1767127513885498,-1.3152912855148315,0.8630905747413635
1625,Q1XGK8_wild,C(=CC(=O)C(=O)O)C=CO,-0.045757490560675115,1.5788315534591675,-1.6873607635498047,2.706707715988159
1626,P0AE22_wild,C1C(C(OC1N2C=CC(=NC2=O)N)CO)OP(=O)(O)O.N,2.0043213737826426,1.781040072441101,-0.04677361994981766,2.574378252029419
1627,Q71EB8_I78D,C1=CC(=CC=C1[N+](=O)[O-])OP(=O)(O)O,1.6190933306267428,0.9277492165565491,-0.4623415768146515,1.550557017326355
1628,Q71EB8_I78H,C1=CC(=CC=C1[N+](=O)[O-])OP(=O)(O)O,1.3330440298234871,0.8830074667930603,-0.44594627618789673,1.5288727283477783
1629,Q71EB8_wild,C1=CC(=CC=C1[N+](=O)[O-])OP(=O)(O)O,1.3473300153169503,0.8868342638015747,-0.42186781764030457,1.539151668548584
1630,Q71EB8_I78A,C1=CC(=CC=C1[N+](=O)[O-])OP(=O)(O)O,1.4219328132785085,0.9064427018165588,-0.4456386864185333,1.5187087059020996
1631,P15309_wild,C1=NC(=C2C(=N1)N(C=N2)C3C(C(C(O3)CO)OP(=O)(O)O)O)N,2.3944516808262164,0.8306775093078613,-0.09146438539028168,1.7799010276794434
1632,P15309_wild,C1=NC(=C2C(=N1)N(C=N2)C3C(C(C(O3)COP(=O)(O)O)O)O)N,2.3521825181113627,0.8952916860580444,-0.08397237956523895,1.9609754085540771
1633,P15309_wild,C1=NC2=C(N1C3C(C(C(O3)COP(=O)(O)O)O)O)N=C(NC2=O)N,2.3873898263387296,1.0100153684616089,0.13805949687957764,1.81403648853302
1634,P15309_wild,C1=NC2=C(C(=O)N1)N=CN2C3C(C(C(O3)COP(=O)(O)O)O)O,2.404833716619938,0.9961814284324646,-0.008542273193597794,2.0356411933898926
1635,P76270_wild,CS(=O)CCC(C(=O)O)N,0.8388490907372553,-0.1959613412618637,-0.5842009782791138,0.6982853412628174
1636,A0A0Y6TLH6_wild,CS(=O)CCC(C(=O)O)N,1.146128035678238,-0.002108026295900345,-0.4186398684978485,0.7839446067810059
1637,P0ABR9_wild,C1=CC=C(C(=C1)O)O,0.3010299956639812,0.9143086671829224,-0.3957030475139618,0.6464583873748779
1638,P0ABR9_wild,CC1=C(C(=CC=C1)O)O,0.5563025007672873,0.4353868067264557,-0.7067639827728271,0.5743260383605957
1639,P0ABR9_wild,C1=CC(=C(C(=C1)O)O)CCC(=O)[O-],1.6989700043360187,0.4895245432853699,-0.4148035943508148,0.40312495827674866
1640,J7LH11_wild,CC(=CCCC(=CCCC(=CCOP(=O)(O)OP(=O)(O)O)C)C)C,-1.3979400086720375,-1.5175572633743286,-2.1123735904693604,0.5978824496269226
1641,Q58605_W387F/Y49W,CSCCC(C(=O)O)N,0.0,-0.18090562522411346,-0.5803921222686768,1.2608829736709595
1642,Q58605_wild,CSCCC(C(=O)O)N,0.1643528557844371,-0.18876253068447113,-0.5695041418075562,1.2484700679779053
1643,Q58605_W387F/Y371W,CSCCC(C(=O)O)N,0.6020599913279624,-0.18068592250347137,-0.5805040001869202,1.258933424949646
1644,Q58605_W387F/Y273W,CSCCC(C(=O)O)N,0.1875207208364631,-0.21656404435634613,-0.5718525648117065,1.2367480993270874
1645,Q58605_W387F,CSCCC(C(=O)O)N,0.26717172840301384,-0.19033406674861908,-0.5813265442848206,1.254578948020935
1646,Q58605_W387F/Y85W,CSCCC(C(=O)O)N,0.4424797690644485,-0.19192080199718475,-0.5857646465301514,1.2538007497787476
1647,Q58605_W387F/Y344W,CSCCC(C(=O)O)N,0.4548448600085102,-0.18312881886959076,-0.5844749212265015,1.2596992254257202
1648,Q58605_W387F/Y267W,CSCCC(C(=O)O)N,0.36361197989214433,-0.17670325934886932,-0.5771002769470215,1.2548871040344238
1649,Q58605_W387F/Y226W,CSCCC(C(=O)O)N,0.7058637122839193,-0.19368748366832733,-0.5788423418998718,1.2482343912124634
1650,Q58605_W387F/Y120W,CSCCC(C(=O)O)N,0.5198279937757188,-0.18053005635738373,-0.5795925259590149,1.2659757137298584
1651,Q58605_W387F/Y233W,CSCCC(C(=O)O)N,0.859738566197147,-0.1964099258184433,-0.5915296077728271,1.2528592348098755
1652,Q980S9_wild,CCSCCC(C(=O)O)N,-1.3010299956639813,-1.009148120880127,-1.0273542404174805,0.8217309713363647
1653,Q980S9_wild,C1=NC(=C2C(=N1)N(C=N2)C3C(C(C(O3)COP(=O)(O)OP(=O)(O)OP(=O)(O)O)O)O)N,-1.2839966563652008,-0.7789986729621887,-1.0888121128082275,0.9724347591400146
1654,Q980S9_wild,CSCCC(C(=O)O)N,-1.3098039199714864,-0.6299898028373718,-0.7591392397880554,0.9579647183418274
1655,Q8TZW1_wild,C1=NC(=C2C(=N1)N(C=N2)C3C(C(C(O3)COP(=O)(O)OP(=O)(O)OP(=O)(O)O)O)O)N,0.8750612633917001,-0.4193570911884308,-1.0715551376342773,1.3623744249343872
1656,Q8TZW1_wild,CSCCC(C(=O)O)N,0.8750612633917001,-0.3423052430152893,-0.7799527645111084,1.3102564811706543
1657,Q56840_wild,CC(C)O,0.4623979978989561,0.31956616044044495,1.662112832069397,-0.5674029588699341
1658,Q56840_wild,CCCC(C)O,0.4623979978989561,0.41476672887802124,1.0325604677200317,0.10376843810081482
1659,Q56840_wild,CCC(C)O,0.9684829485539351,0.566379189491272,1.0380338430404663,-0.1459154486656189
1660,Q56840_wild,CCCCC(C)O,0.43136376415898736,0.14067304134368896,0.5453138947486877,0.2391171157360077
1661,Q56840_wild,CCCCCCC(C)O,0.23044892137827394,0.3777102530002594,0.0711541473865509,0.6216294765472412
1662,Q56840_wild,CC(=O)CSCCS(=O)(=O)O,1.462397997898956,0.7624858021736145,-0.4400634467601776,0.7336903810501099
1663,Q56840_wild,CC(CSCCS(=O)(=O)O)O,1.6901960800285136,0.5320084691047668,-0.6085216403007507,0.8370183110237122
1664,P19919_wild,[Co],1.0253058652647702,0.9475516676902771,-2.3900718688964844,2.766629934310913
1665,Q0VJU2_wild,CC1(C(N2C(S1)C(C2=O)NC(=O)C(C3=CC=CC=C3)N)C(=O)O)C,-0.7695510786217261,0.8943309187889099,-1.5444658994674683,1.8160881996154785
1666,Q0VJU2_wild,CC(=O)OCC1=C(N2C(C(C2=O)NC(=O)CC3=CC=CS3)SC1)C(=O)O,0.6253124509616739,1.036895513534546,-1.3290685415267944,2.172750473022461
1667,B2BSN6_wild,CC(=O)OCC1=C(N2C(C(C2=O)NC(=O)C(=NOC)C3=CSC(=N3)N)SC1)C(=O)O,-1.8239087409443189,0.5385792851448059,-2.155703544616699,1.785736322402954
1668,I3VKD5_wild,C1C(=C(N2C(S1)C(C2=O)NC(=O)CC3=CC=CS3)C(=O)O)C=CC4=C(C=C(C=C4)[N+](=O)[O-])[N+](=O)[O-],1.4771212547196624,2.296501874923706,-1.844812035560608,2.9757091999053955
1669,P00811_wild,CC(C)(C(=O)O)ON=C(C1=CSC(=N1)N)C(=O)NC2C3N(C2=O)C(=C(CS3)C[N+]4=CC=CC=C4)C(=O)[O-],-0.3010299956639812,-0.2073725014925003,-1.3844760656356812,1.597707986831665
1670,P00811_wild,CC(=O)OCC1=C(N2C(C(C2=O)NC(=O)C(=NOC)C3=CSC(=N3)N)SC1)C(=O)O,-0.6989700043360187,0.2599819600582123,-2.102844476699829,1.9645419120788574
1671,P00811_wild,COC1(C2N(C1=O)C(=C(CS2)COC(=O)N)C(=O)O)NC(=O)CC3=CC=CS3,-0.3979400086720376,-0.19413669407367706,-2.4618475437164307,1.9390983581542969
1672,P00811_wild,CC(=O)OCC1=C(N2C(C(C2=O)NC(=O)CC3=CC=CS3)SC1)C(=O)O,2.7323937598229686,1.6230825185775757,-1.523891568183899,2.764268159866333
1673,P00811_wild,C1C(=C(N2C(S1)C(C2=O)NC(=O)CC3=CC=CS3)C(=O)[O-])C[N+]4=CC=CC=C4,2.380211241711606,1.9188615083694458,-0.9664312601089478,2.8640496730804443
1674,P00811_wild,CC(C1C2CC(=C(N2C1=O)C(=O)O)SCCN=CN)O,-1.0,-0.19603823125362396,-1.4058595895767212,1.1799190044403076
1675,B2BSN6_wild,CC1=NN=C(S1)SCC2=C(N3C(C(C3=O)NC(=O)CN4C=NN=N4)SC2)C(=O)O,-0.2596373105057561,2.01037859916687,-1.1516224145889282,2.227189064025879
1676,B2BSN6_wild,CC1(C(N2C(S1)C(C2=O)NC(=O)C(C3=CC=CC=C3)N)C(=O)O)C,-0.2006594505464183,1.080993890762329,-2.15000581741333,2.0037999153137207
1677,B2BSN6_wild,CC1(C(N2C(S1)C(C2=O)NC(=O)CC3=CC=CC=C3)C(=O)O)C,1.4313637641589874,1.3558205366134644,-2.2079291343688965,2.291834831237793
1678,B2BSN6_wild,CC1=C(N2C(C(C2=O)NC(=O)C(C3=CC=CC=C3)N)SC1)C(=O)O,2.204119982655925,1.3228977918624878,-1.7671725749969482,2.478522300720215
1679,B2BSN6_wild,CC(C)(C(=O)O)ON=C(C1=CSC(=N1)N)C(=O)NC2C3N(C2=O)C(=C(CS3)C[N+]4=CC=CC=C4)C(=O)[O-],-0.958607314841775,-0.021686989814043045,-1.698287010192871,1.4156172275543213
1680,B2BSN6_wild,C[N+]1(CCCC1)CC2=C(N3C(C(C3=O)NC(=O)C(=NOC)C4=CSC(=N4)N)SC2)C(=O)[O-],-2.0268721464003012,0.5228875875473022,-1.6693744659423828,1.4625722169876099
1681,B2BSN6_wild,CON=C(C1=CSC(=N1)N)C(=O)NC2C3N(C2=O)C(=C(CS3)C[N+]4=CC=CC5=C4CCC5)C(=O)[O-],1.3617278360175928,0.5363569855690002,-1.8730210065841675,1.83717942237854
1682,B2BSN6_wild,CCN1CCN(C(=O)C1=O)C(=O)NC(C2=CC=CC=C2)C(=O)NC3C4N(C3=O)C(C(S4)(C)C)C(=O)O,-0.2676062401770315,1.0436128377914429,-2.622429847717285,2.3987271785736084
1683,B2BSN6_wild,CON=C(C1=CC=CO1)C(=O)NC2C3N(C2=O)C(=C(CS3)COC(=O)N)C(=O)O,-1.3767507096020994,0.21497969329357147,-2.629011631011963,1.7522207498550415
1684,B2BSN6_wild,CN1C(=NC(=O)C(=O)N1)SCC2=C(N3C(C(C3=O)NC(=O)C(=NOC)C4=CSC(=N4)N)SC2)C(=O)O,-1.3767507096020994,0.8290726542472839,-2.0866036415100098,1.9125986099243164
1685,B2BSN6_wild,CC(=O)OCC1=C(N2C(C(C2=O)NC(=O)CC3=CC=CS3)SC1)C(=O)O,2.6720978579357175,1.5593160390853882,-1.6857951879501343,2.5449776649475098
1686,B2BSN6_wild,COC1(C2N(C1=O)C(=C(CS2)COC(=O)N)C(=O)O)NC(=O)CC3=CC=CS3,-0.05551732784983137,0.11610881984233856,-2.7542552947998047,1.8426791429519653
1687,P85302_wild,CC1(C(N2C(S1)C(C2=O)NC(=O)C(C3=CC=CC=C3)C(=O)O)C(=O)O)C,-0.28399665636520083,1.2058590650558472,-2.5198283195495605,2.2992630004882812
1688,P85302_wild,CC1=C(C(=NO1)C2=CC=CC=C2)C(=O)NC3C4N(C3=O)C(C(S4)(C)C)C(=O)O,-0.6777807052660807,1.110572338104248,-2.469266414642334,2.260270118713379
1689,P85302_wild,CC1(C(N2C(S1)C(C2=O)NC(=O)C(C3=CC=CC=C3)N)C(=O)O)C,-0.18708664335714442,1.474878191947937,-2.205758571624756,2.2874057292938232
1690,P85302_wild,CC1=NN=C(S1)SCC2=C(N3C(C(C3=O)NC(=O)CN4C=NN=N4)SC2)C(=O)O,1.7853298350107671,2.3272879123687744,-0.8961271047592163,2.5486438274383545
1691,P85302_wild,CC1=C(N2C(C(C2=O)NC(=O)C(C3=CC=CC=C3)N)SC1)C(=O)O,1.4913616938342726,1.8253589868545532,-1.694461464881897,2.7433652877807617
1692,P85302_wild,CC1=C(C(=NO1)C2=CC=CC=C2Cl)C(=O)NC3C4N(C3=O)C(C(S4)(C)C)C(=O)O,-0.37675070960209955,0.8474200963973999,-2.5536766052246094,2.0905911922454834
1693,P85302_wild,C1C(=C(N2C(S1)C(C2=O)NC(=O)CC3=CC=CS3)C(=O)O)C=CC4=C(C=C(C=C4)[N+](=O)[O-])[N+](=O)[O-],2.7403626894942437,2.545579671859741,-1.6487677097320557,3.074275493621826
1694,P85302_wild,CC1(C(N2C(S1)C(C2=O)NC(=O)CC3=CC=CC=C3)C(=O)O)C,1.5352941200427705,1.7687723636627197,-2.205240249633789,2.590031147003174
1695,A0A0F6N6D4_wild,CC(C)(C(=O)O)ON=C(C1=CSC(=N1)N)C(=O)NC2C3N(C2=O)C(=C(CS3)C[N+]4=CC=CC=C4)C(=O)[O-],1.1760912590556813,0.9070137739181519,-0.9034644365310669,2.1391162872314453
1696,C7C422_wild,C1C(=C(N2C(S1)C(C2=O)NC(=O)CC3=CC=CS3)C(=O)O)C=CC4=C(C=C(C=C4)[N+](=O)[O-])[N+](=O)[O-],1.8129133566428557,2.345082998275757,-1.856479287147522,3.0119409561157227
1697,C7C422_wild,CC(C)(C(=O)O)ON=C(C1=CSC(=N1)N)C(=O)NC2C3N(C2=O)C(=C(CS3)C[N+]4=CC=CC=C4)C(=O)[O-],2.076276255404218,1.1244324445724487,-1.089432954788208,2.294032573699951
1698,C7C422_wild,CC(=O)OCC1=C(N2C(C(C2=O)NC(=O)CC3=CC=CS3)SC1)C(=O)O,1.8750612633917,2.118398904800415,-1.6585248708724976,2.7044036388397217
1699,C7C422_wild,CC(C1C2CC(=C(N2C1=O)C(=O)O)SCCN=CN)O,2.778151250383644,1.9423846006393433,-1.2716506719589233,2.529865264892578
1700,C7C422_wild,CC1(C(N2C(S1)C(C2=O)NC(=O)C(C3=CC=CC=C3)N)C(=O)O)C,2.671728088239558,2.5002024173736572,-0.6864765882492065,2.735872268676758
1701,C7C422_wild,CC1C2C(C(=O)N2C(=C1SC3CC(NC3)CNS(=O)(=O)N)C(=O)O)C(C)O,2.3541084391474008,1.1550501585006714,-1.4020315408706665,2.7106270790100098
1702,C7C422_wild,CC1C2C(C(=O)N2C(=C1SC3CC(NC3)C(=O)N(C)C)C(=O)O)C(C)O,2.4785664955938436,1.6178468465805054,-1.4725240468978882,2.7868733406066895
1703,I3VKD5_wild,CC(=O)OCC1=C(N2C(C(C2=O)NC(=O)CC3=CC=CS3)SC1)C(=O)O,1.7242758696007892,2.085566759109497,-1.652492880821228,2.679663896560669
1704,I3VKD5_wild,CC(C)(C(=O)O)ON=C(C1=CSC(=N1)N)C(=O)NC2C3N(C2=O)C(=C(CS3)C[N+]4=CC=CC=C4)C(=O)[O-],1.3617278360175928,1.0894478559494019,-1.0986990928649902,2.2636075019836426
1705,I3VKD5_wild,CC1C2C(C(=O)N2C(=C1SC3CC(NC3)CNS(=O)(=O)N)C(=O)O)C(C)O,2.230448921378274,1.1164683103561401,-1.3981481790542603,2.6914095878601074
1706,I3VKD5_wild,CC1C2C(C(=O)N2C(=C1SC3CC(NC3)C(=O)N(C)C)C(=O)O)C(C)O,2.376576957056512,1.56339693069458,-1.4608761072158813,2.7535157203674316
1707,I3VKD5_wild,CC(C1C2CC(=C(N2C1=O)C(=O)O)SCCN=CN)O,2.8790958795000727,1.9102836847305298,-1.2555724382400513,2.488586664199829
1708,I3VKD5_wild,CC1(C(N2C(S1)C(C2=O)NC(=O)C(C3=CC=CC=C3)N)C(=O)O)C,2.859738566197147,2.452686071395874,-0.69424968957901,2.711841106414795
1709,H6WZS9_wild,CC(=O)OCC1=C(N2C(C(C2=O)NC(=O)CC3=CC=CS3)SC1)C(=O)O,1.6532125137753437,2.1239187717437744,-1.6602057218551636,2.70052170753479
1710,H6WZS9_wild,COC1(C2N(C1=O)C(=C(CS2)COC(=O)N)C(=O)O)NC(=O)CC3=CC=CS3,1.146128035678238,1.0395830869674683,-1.4968217611312866,2.602869987487793
1711,H6WZS9_wild,CC(C1C2CC(=C(N2C1=O)C(=O)O)SCCN=CN)O,2.401400540781544,1.9420055150985718,-1.2777870893478394,2.532288074493408
1712,H6WZS9_wild,C1C(=C(N2C(S1)C(C2=O)NC(=O)CC3=CC=CS3)C(=O)O)C=CC4=C(C=C(C=C4)[N+](=O)[O-])[N+](=O)[O-],1.5797835966168101,2.3488271236419678,-1.8503984212875366,3.010376453399658
1713,H6WZS9_wild,CC1C2C(C(=O)N2C(=C1SC3CC(NC3)C(=O)N(C)C)C(=O)O)C(C)O,2.765668554759014,1.6217355728149414,-1.4804168939590454,2.7802553176879883
1714,H6WZS9_wild,CC1(C(N2C(S1)C(C2=O)NC(=O)C(C3=CC=CC=C3)N)C(=O)O)C,2.9542425094393248,2.5070507526397705,-0.6918210387229919,2.7327141761779785
1715,H6WZS9_wild,CC1C2C(C(=O)N2C(=C1SC3CC(NC3)CNS(=O)(=O)N)C(=O)O)C(C)O,2.8709888137605755,1.1567209959030151,-1.4096184968948364,2.708934783935547
1716,A0A0F6N6D4_wild,CC(=O)OCC1=C(N2C(C(C2=O)NC(=O)CC3=CC=CS3)SC1)C(=O)O,1.3979400086720377,1.652119517326355,-1.3259752988815308,2.5746726989746094
1717,A0A0F6N6D4_wild,C1C(=C(N2C(S1)C(C2=O)NC(=O)CC3=CC=CS3)C(=O)O)C=CC4=C(C=C(C=C4)[N+](=O)[O-])[N+](=O)[O-],1.5185139398778875,1.7035263776779175,-1.4779499769210815,2.834803581237793
1718,A0A0F6N6D4_wild,CC1C2C(C(=O)N2C(=C1SC3CC(NC3)CNS(=O)(=O)N)C(=O)O)C(C)O,1.8750612633917,1.184116244316101,-1.2321302890777588,2.484825849533081
1719,A0A0F6N6D4_wild,CC1(C(N2C(S1)C(C2=O)NC(=O)C(C3=CC=CC=C3)N)C(=O)O)C,2.61066016308988,2.2688894271850586,-0.2732512950897217,2.5387697219848633
1720,A0A0F6N6D4_wild,CC1C2C(C(=O)N2C(=C1SC3CC(NC3)C(=O)N(C)C)C(=O)O)C(C)O,2.615950051656401,1.8784286975860596,-1.1901196241378784,2.619955062866211
1721,A0A0F6N6D4_wild,CC(C1C2CC(=C(N2C1=O)C(=O)O)SCCN=CN)O,2.5211380837040362,2.1264421939849854,-0.7444870471954346,2.3176891803741455
1722,H6WET3_wild,COC1(C2N(C1=O)C(=C(CS2)COC(=O)N)C(=O)O)NC(=O)CC3=CC=CS3,1.255272505103306,1.090100884437561,-1.4749308824539185,2.6231937408447266
1723,H6WET3_wild,CC(=O)OCC1=C(N2C(C(C2=O)NC(=O)CC3=CC=CS3)SC1)C(=O)O,1.7993405494535817,2.164361000061035,-1.6482467651367188,2.73567271232605
1724,H6WET3_wild,CC(C)(C(=O)O)ON=C(C1=CSC(=N1)N)C(=O)NC2C3N(C2=O)C(=C(CS3)C[N+]4=CC=CC=C4)C(=O)[O-],1.462397997898956,1.171034574508667,-1.0630841255187988,2.3077688217163086
1725,H6WET3_wild,C1C(=C(N2C(S1)C(C2=O)NC(=O)CC3=CC=CS3)C(=O)O)C=CC4=C(C=C(C=C4)[N+](=O)[O-])[N+](=O)[O-],1.6901960800285136,2.369633436203003,-1.827065110206604,3.027813673019409
1726,H6WET3_wild,CC(C1C2CC(=C(N2C1=O)C(=O)O)SCCN=CN)O,2.550228353055094,1.988889455795288,-1.2456880807876587,2.5408995151519775
1727,H6WET3_wild,CC1C2C(C(=O)N2C(=C1SC3CC(NC3)C(=O)N(C)C)C(=O)O)C(C)O,2.558708570533166,1.6648560762405396,-1.4605190753936768,2.805401563644409
1728,H6WET3_wild,CC1C2C(C(=O)N2C(=C1SC3CC(NC3)CNS(=O)(=O)N)C(=O)O)C(C)O,3.0136796972911926,1.2043031454086304,-1.3707270622253418,2.7405402660369873
1729,H6WET3_wild,CC1(C(N2C(S1)C(C2=O)NC(=O)C(C3=CC=CC=C3)N)C(=O)O)C,3.1383026981662816,2.5170938968658447,-0.6427229642868042,2.749021053314209
1730,J7I0S9_wild,CC(=O)OCC1=C(N2C(C(C2=O)NC(=O)CC3=CC=CS3)SC1)C(=O)O,1.255272505103306,2.1203269958496094,-1.6666113138198853,2.6998438835144043
1731,J7I0S9_wild,C1C(=C(N2C(S1)C(C2=O)NC(=O)CC3=CC=CS3)C(=O)O)C=CC4=C(C=C(C=C4)[N+](=O)[O-])[N+](=O)[O-],1.1760912590556813,2.3404767513275146,-1.845873475074768,2.9988930225372314
1732,J7I0S9_wild,CC(C)(C(=O)O)ON=C(C1=CSC(=N1)N)C(=O)NC2C3N(C2=O)C(=C(CS3)C[N+]4=CC=CC=C4)C(=O)[O-],1.2041199826559248,1.1252046823501587,-1.097812533378601,2.289551019668579
1733,J7I0S9_wild,CC1C2C(C(=O)N2C(=C1SC3CC(NC3)CNS(=O)(=O)N)C(=O)O)C(C)O,2.5415792439465807,1.1587334871292114,-1.407939076423645,2.7160463333129883
1734,J7I0S9_wild,CC1C2C(C(=O)N2C(=C1SC3CC(NC3)C(=O)N(C)C)C(=O)O)C(C)O,2.287801729930226,1.6168626546859741,-1.4772865772247314,2.775784969329834
1735,J7I0S9_wild,CC(C1C2CC(=C(N2C1=O)C(=O)O)SCCN=CN)O,2.103803720955957,1.9496396780014038,-1.2715404033660889,2.5261940956115723
1736,J7I0S9_wild,CC1(C(N2C(S1)C(C2=O)NC(=O)C(C3=CC=CC=C3)N)C(=O)O)C,2.678518379040114,2.5011579990386963,-0.7020877599716187,2.729567050933838
1737,M1VE66_wild,CC(=O)OCC1=C(N2C(C(C2=O)NC(=O)CC3=CC=CS3)SC1)C(=O)O,0.9542425094393249,2.117654800415039,-1.6802204847335815,2.717529773712158
1738,M1VE66_wild,CC1C2C(C(=O)N2C(=C1SC3CC(NC3)C(=O)N(C)C)C(=O)O)C(C)O,2.1522883443830567,1.6249781847000122,-1.4994192123413086,2.786461353302002
1739,M1VE66_wild,COC1(C2N(C1=O)C(=C(CS2)COC(=O)N)C(=O)O)NC(=O)CC3=CC=CS3,0.47712125471966244,1.0367310047149658,-1.5150195360183716,2.615868330001831
1740,M1VE66_wild,CC(C)(C(=O)O)ON=C(C1=CSC(=N1)N)C(=O)NC2C3N(C2=O)C(=C(CS3)C[N+]4=CC=CC=C4)C(=O)[O-],0.6989700043360189,1.1209932565689087,-1.1113940477371216,2.302791118621826
1741,M1VE66_wild,CC1C2C(C(=O)N2C(=C1SC3CC(NC3)CNS(=O)(=O)N)C(=O)O)C(C)O,2.4265112613645754,1.1730468273162842,-1.427803874015808,2.7321531772613525
1742,M1VE66_wild,C1C(=C(N2C(S1)C(C2=O)NC(=O)CC3=CC=CS3)C(=O)O)C=CC4=C(C=C(C=C4)[N+](=O)[O-])[N+](=O)[O-],1.6434526764861874,2.3413615226745605,-1.8541849851608276,3.0172390937805176
1743,M1VE66_wild,CC1(C(N2C(S1)C(C2=O)NC(=O)C(C3=CC=CC=C3)N)C(=O)O)C,2.436162647040756,2.5032148361206055,-0.7166132926940918,2.7373199462890625
1744,Q705J0_wild,CC(=O)OCC1=C(N2C(C(C2=O)NC(=O)CC3=CC=CS3)SC1)C(=O)O,1.146128035678238,1.8276760578155518,-1.512947916984558,2.56361985206604
1745,Q76DI4_wild,CON=C(C1=CSC(=N1)N)C(=O)NC2C3N(C2=O)C(=C(CS3)C[N+]4=CC=CC5=C4CCC5)C(=O)[O-],0.17609125905568124,0.07664188742637634,-1.5301142930984497,1.8404239416122437
1746,Q76DI4_wild,C1C(=C(N2C(S1)C(C2=O)NC(=O)CC3=CC=CS3)C(=O)[O-])C[N+]4=CC=CC=C4,1.806179973983887,1.7784589529037476,-0.9518572092056274,2.721534013748169
1747,Q76DI4_wild,CC1(C(N2C(S1)C(C2=O)NC(=O)C(C3=CC=CC=C3)N)C(=O)O)C,-0.36653154442041347,0.4679543375968933,-2.0380632877349854,2.267753839492798
1748,Q76DI4_wild,COC1(C2N(C1=O)C(=C(CS2)COC(=O)N)C(=O)O)NC(=O)CC3=CC=CS3,-1.3665315444204136,-0.32709598541259766,-2.45340633392334,1.8086868524551392
1749,Q76DI4_wild,CC(C)(C(=O)O)ON=C(C1=CSC(=N1)N)C(=O)NC2C3N(C2=O)C(=C(CS3)C[N+]4=CC=CC=C4)C(=O)[O-],-1.0757207139381184,-0.31158125400543213,-1.3799914121627808,1.4708116054534912
1750,Q76DI4_wild,CC(=O)OCC1=C(N2C(C(C2=O)NC(=O)C(=NOC)C3=CSC(=N3)N)SC1)C(=O)O,-0.431798275933005,0.1747637391090393,-2.077662706375122,1.8357763290405273
1751,Q76DI4_wild,C[N+]1(CCCC1)CC2=C(N3C(C(C3=O)NC(=O)C(=NOC)C4=CSC(=N4)N)SC2)C(=O)[O-],0.0,0.33527421951293945,-1.473954439163208,1.5930557250976562
1752,M1VE66_wild,CC(C1C2CC(=C(N2C1=O)C(=O)O)SCCN=CN)O,1.7323937598229686,1.9617501497268677,-1.2940963506698608,2.5455033779144287
1753,Q705J0_wild,CC1(C(N2C(S1)C(C2=O)NC(=O)C(C3=CC=CC=C3)N)C(=O)O)C,-1.2218487496163564,1.189164638519287,-2.191502094268799,2.1146106719970703
1754,Q704Z0_wild,CC1(C(N2C(S1)C(C2=O)NC(=O)C(C3=CC=CC=C3)N)C(=O)O)C,-1.1870866433571443,1.1820226907730103,-2.212172746658325,2.117467164993286
1755,Q704Y9_wild,CC1(C(N2C(S1)C(C2=O)NC(=O)C(C3=CC=CC=C3)N)C(=O)O)C,-1.2218487496163564,1.2471226453781128,-2.1773948669433594,2.121426820755005
1756,Q705J0_wild,CC(C1C2CC(=C(N2C1=O)C(=O)O)SCCN=CN)O,-0.958607314841775,0.18391139805316925,-1.6864237785339355,1.169798731803894
1757,Q705J0_wild,CC(=O)OCC1=C(N2C(C(C2=O)NC(=O)C(=NOC)C3=CSC(=N3)N)SC1)C(=O)O,-1.154901959985743,0.7979654669761658,-2.0158872604370117,1.8268458843231201
1758,Q704Z0_wild,CCN1CCN(C(=O)C1=O)C(=O)NC(C2=CC=CC=C2)C(=O)NC3C4N(C3=O)C(C(S4)(C)C)C(=O)O,0.17609125905568124,1.139634609222412,-2.536916732788086,2.4564390182495117
1759,Q704Z0_wild,CC(C)(C(=O)O)ON=C(C1=CSC(=N1)N)C(=O)NC2C3N(C2=O)C(=C(CS3)C[N+]4=CC=CC=C4)C(=O)[O-],-1.3979400086720375,0.20530828833580017,-1.5668290853500366,1.4278910160064697
1760,Q704Z0_wild,CC(=O)OCC1=C(N2C(C(C2=O)NC(=O)CC3=CC=CS3)SC1)C(=O)O,2.146128035678238,1.812571406364441,-1.5308681726455688,2.5605857372283936
1761,Q704Z0_wild,COC1(C2N(C1=O)C(=C(CS2)COC(=O)N)C(=O)O)NC(=O)CC3=CC=CS3,-1.4202164033831899,0.26381927728652954,-2.6053478717803955,1.8844375610351562
1762,Q704Z0_wild,CC1=C(C(=NO1)C2=CC=CC=C2)C(=O)NC3C4N(C3=O)C(C(S4)(C)C)C(=O)O,-1.6575773191777938,0.7359484434127808,-2.5125460624694824,2.1174964904785156
1763,Q704Z0_wild,C1C(=C(N2C(S1)C(C2=O)NC(=O)CC3=CC=CS3)C(=O)O)C=CC4=C(C=C(C=C4)[N+](=O)[O-])[N+](=O)[O-],1.9684829485539352,2.3223626613616943,-1.666894793510437,2.849984884262085
1764,Q704Z0_wild,CC(=O)OCC1=C(N2C(C(C2=O)NC(=O)C(=NOC)C3=CSC(=N3)N)SC1)C(=O)O,-1.494850021680094,0.8060256242752075,-2.0373435020446777,1.8249973058700562
1765,Q704Z0_wild,CC1(C(N2C(S1)C(C2=O)NC(=O)CC3=CC=CC=C3)C(=O)O)C,-2.1307682802690238,1.5125240087509155,-2.2217354774475098,2.382049322128296
1766,Q704Z0_wild,C[N+]1(CCCC1)CC2=C(N3C(C(C3=O)NC(=O)C(=NOC)C4=CSC(=N4)N)SC2)C(=O)[O-],-2.0969100130080562,0.8035940527915955,-1.5162535905838013,1.5323987007141113
1767,Q704Z0_wild,CC(C1C2CC(=C(N2C1=O)C(=O)O)SCCN=CN)O,-1.154901959985743,0.18638481199741364,-1.718617558479309,1.1685315370559692
1768,Q704Y9_wild,CC(C1C2CC(=C(N2C1=O)C(=O)O)SCCN=CN)O,-1.154901959985743,0.19657351076602936,-1.7261747121810913,1.191396951675415
1769,Q704Y9_wild,CC(=O)OCC1=C(N2C(C(C2=O)NC(=O)CC3=CC=CS3)SC1)C(=O)O,0.7781512503836436,1.8538004159927368,-1.5185099840164185,2.5643434524536133
1770,Q704Y9_wild,CC(=O)OCC1=C(N2C(C(C2=O)NC(=O)C(=NOC)C3=CSC(=N3)N)SC1)C(=O)O,-1.0457574905606752,0.8749328851699829,-2.014082431793213,1.829484224319458
1771,Q20I87_wild,C1C(=C(N2C(S1)C(C2=O)NC(=O)CC3=CC=CS3)C(=O)[O-])C[N+]4=CC=CC=C4,2.0791812460476247,2.0893962383270264,-0.8651852607727051,2.8737716674804688
1772,Q20I87_wild,CC1(C(N2C(S1)C(C2=O)NC(=O)CC3=CC=CC=C3)C(=O)O)C,1.6532125137753437,1.2841620445251465,-1.9395262002944946,2.7269299030303955
1773,Q20I87_wild,CC(=O)OCC1=C(N2C(C(C2=O)NC(=O)CC3=CC=CS3)SC1)C(=O)O,2.6020599913279625,1.7996490001678467,-1.410110354423523,2.8161070346832275
1774,Q20I87_wild,CC(=O)OCC1=C(N2C(C(C2=O)NC(=O)C(=NOC)C3=CSC(=N3)N)SC1)C(=O)O,-0.5228787452803376,0.4255550503730774,-1.9739271402359009,2.014173984527588
1775,Q20I87_wild,COC1(C2N(C1=O)C(=C(CS2)COC(=O)N)C(=O)O)NC(=O)CC3=CC=CS3,-0.5228787452803376,0.001908954232931137,-2.343944549560547,1.981297254562378
1776,Q20I87_wild,CC(C)(C(=O)O)ON=C(C1=CSC(=N1)N)C(=O)NC2C3N(C2=O)C(=C(CS3)C[N+]4=CC=CC=C4)C(=O)[O-],0.0,-0.08530634641647339,-1.2984716892242432,1.6090672016143799
1777,P0A731_wild,C(C(=O)COP(=O)(O)O)O,2.510545010206612,0.6889469623565674,-0.3701912462711334,0.7758007049560547
1778,B3VH91_wild,C(C(=O)COP(=O)(O)O)O,2.514547752660286,0.6035470366477966,-0.017363395541906357,0.8481549024581909
1779,P0A731_H98Q,C(C(=O)COP(=O)(O)O)O,1.2304489213782739,0.6179754137992859,-0.32566559314727783,0.6841559410095215
1780,P0A731_H98N,C(C(=O)COP(=O)(O)O)O,0.6434526764861874,0.631895124912262,-0.29582831263542175,0.6598137617111206
1781,B3VH91_R80I,C(C(=O)COP(=O)(O)O)O,1.1760912590556813,0.4871213436126709,0.07453680038452148,0.7499546408653259
1782,B3VH91_R80D/D100R,C(C(=O)COP(=O)(O)O)O,2.2095150145426308,0.6662793755531311,-0.10966183245182037,0.8731688261032104
1783,B3VH91_R80K,C(C(=O)COP(=O)(O)O)O,1.5797835966168101,0.6484597325325012,-0.007596787065267563,0.8668718934059143
1784,B3VH91_D100V,C(C(=O)COP(=O)(O)O)O,1.1139433523068367,0.6867002844810486,-0.17080925405025482,0.9479868412017822
1785,B3VH91_D100N,C(C(=O)COP(=O)(O)O)O,1.462397997898956,0.6825409531593323,-0.11137425899505615,0.9582258462905884
1786,B3VH91_D10N,C(C(=O)COP(=O)(O)O)O,-0.38721614328026455,0.6270657181739807,-0.07884581387042999,0.8749270439147949
1787,B3VH91_R97K,C(C(=O)COP(=O)(O)O)O,-0.15490195998574322,0.6089226007461548,-0.012711074203252792,0.8584610223770142
1788,B3VH91_S55K,C(C(=O)COP(=O)(O)O)O,0.0,0.4378829002380371,0.022219453006982803,0.6985864639282227
1789,B3VH91_V101S,C(C(=O)COP(=O)(O)O)O,0.14612803567823798,0.4974822998046875,0.042458582669496536,0.7615911364555359
1790,B3VH91_R97K/V101I,C(C(=O)COP(=O)(O)O)O,-0.12493873660829995,0.6299139857292175,-0.007674913853406906,0.8532259464263916
1791,B3VH91_V101I,C(C(=O)COP(=O)(O)O)O,-0.431798275933005,0.6226503252983093,-0.0080648772418499,0.840833306312561
1792,B3VH91_V101A,C(C(=O)COP(=O)(O)O)O,2.5289167002776547,0.5592707395553589,-0.004782449454069138,0.8333269357681274
1793,B3VH91_S55D,C(C(=O)COP(=O)(O)O)O,2.4771212547196626,0.3965224027633667,0.0957643985748291,0.6146045923233032
1794,B3VH91_R97E,C(C(=O)COP(=O)(O)O)O,-3.3979400086720375,0.4279114007949829,0.07599902153015137,0.6607862710952759
1795,B3VH91_G56S,C(C(=O)COP(=O)(O)O)O,-4.301029995663981,0.19557471573352814,0.09610623121261597,0.47679078578948975
1796,B3VH91_G56A,C(C(=O)COP(=O)(O)O)O,-3.8860566476931635,0.29729872941970825,0.05000287666916847,0.5666515231132507
1797,Q9I4G8_wild,CCCCCC=CCC=CCC=CCC=CCCCC(=O)O,2.2576785748691846,1.9977221488952637,-1.7233489751815796,2.572021961212158
1798,P14697_Q47L,C1C=CN(C=C1C(=O)N)C2C(C(C(O2)COP(=O)(O)OP(=O)(O)OCC3C(C(C(O3)N4C=NC5=C(N=CN=C54)N)OP(=O)(O)O)O)O)O,2.5575072019056577,0.864224910736084,-1.321116328239441,1.8315144777297974
1799,P14697_Q47L,CC(=O)CC(=O)SCCNC(=O)CCNC(=O)C(C(C)(C)COP(=O)(O)OP(=O)(O)OCC1C(C(C(O1)N2C=NC3=C(N=CN=C32)N)O)OP(=O)(O)O)O,2.5575072019056577,0.9461547136306763,-0.44617804884910583,1.5704478025436401
1800,P14697_wild,C1C=CN(C=C1C(=O)N)C2C(C(C(O2)COP(=O)(O)OP(=O)(O)OCC3C(C(C(O3)N4C=NC5=C(N=CN=C54)N)OP(=O)(O)O)O)O)O,2.0086001717619175,0.8494123816490173,-1.3263286352157593,1.8214783668518066
1801,P14697_wild,CC(=O)CC(=O)SCCNC(=O)CCNC(=O)C(C(C)(C)COP(=O)(O)OP(=O)(O)OCC1C(C(C(O1)N2C=NC3=C(N=CN=C32)N)O)OP(=O)(O)O)O,2.0086001717619175,0.9447734951972961,-0.43055447936058044,1.563327431678772
1802,D1A9G5_wild,CCCC(=O)OC1=CC=C(C=C1)[N+](=O)[O-],0.36172783601759284,1.2068322896957397,0.06850266456604004,1.0086387395858765
1803,D1A2H1_wild,CCCC(=O)OC1=CC=C(C=C1)[N+](=O)[O-],1.0934216851622351,1.3495557308197021,0.027181249111890793,1.138085126876831
1804,Q39760_wild,CC(=CCCC(=CCCC(=CCOP(=O)(O)OP(=O)(O)O)C)C)C,-1.4814860601221125,-1.6683975458145142,-2.180911064147949,0.5759714841842651
1805,Q8R7L0_wild,C1=NC2=C(N1)C(=O)NC=N2,1.2013971243204515,0.9432317614555359,-1.8156863451004028,2.5634982585906982
1806,Q8R7L0_wild,C1=NC2=C(N1)C(=O)NC(=N2)N,0.9116901587538612,0.8935337066650391,-2.0805039405822754,2.7327640056610107
1807,Q5SLS3_wild,C1=NC2=C(N1)C(=O)NC(=N2)N,1.3010299956639813,0.5598117113113403,-1.831351637840271,2.137457847595215
1808,Q5SLS3_wild,C1=NC2=C(N1)C(=O)NC=N2,0.9590413923210936,0.60061115026474,-1.5730870962142944,2.0354366302490234
1809,P9WHQ9_wild,C1=NC2=C(N1)C(=O)NC(=N2)N,-0.7144426909922262,0.42844337224960327,-2.010143995285034,1.4957821369171143
1810,P9WHQ9_wild,C1=NC2=C(N1)C(=O)NC=N2,-0.05060999335508721,0.47531193494796753,-1.7577637434005737,1.3125303983688354
1811,Q72GT2_wild,C(C1C(C(C(O1)OP(=O)(O)OP(=O)(O)O)O)O)OP(=O)(O)O,0.7781512503836436,0.5732342600822449,-0.9977636337280273,1.251114010810852
1812,Q72GT2_wild,C1=NC2=C(N1)C(=O)NC=N2,0.9542425094393249,0.6032589077949524,-1.5989632606506348,2.047659158706665
1813,Q72GT2_wild,C1=NC2=C(N1)C(=O)NC(=N2)N,0.3010299956639812,0.5582849383354187,-1.8774677515029907,2.14309024810791
1814,Q07010_wild,C1=NC2=C(N1)C(=O)NC(=N2)N,1.376576957056512,0.4769953489303589,-2.182941198348999,2.5436317920684814
1815,Q07010_wild,C1=NC2=C(N1)C(=O)NC=N2,1.2329961103921538,0.4749612510204315,-2.010284423828125,2.339817523956299
1816,Q72LL6_R23Q,C(CC(=O)O)C(C(=O)O)N,-0.3010299956639812,0.6309314370155334,0.9932386875152588,-0.059313297271728516
1817,Q72LL6_S20E,C(CC(C(=O)O)N)CC(=O)O,-1.3979400086720375,0.3740895986557007,0.4834045469760895,-0.01524573564529419
1818,Q72LL6_wild,C(CC(=O)O)C(C(=O)O)N,1.2041199826559248,0.7162377238273621,0.942969560623169,0.01019752025604248
1819,Q72LL6_R23Q,CC(C)CC(C(=O)O)N,-1.3010299956639813,0.5987363457679749,0.28885188698768616,0.17263147234916687
1820,Q72LL6_S20E,C(CC(=O)O)C(C(=O)O)N,0.07918124604762482,0.5763605237007141,1.0075501203536987,-0.114657461643219
1821,Q72LL6_R23A,CC(C)CC(C(=O)O)N,-2.0457574905606752,0.5896224975585938,0.2968999445438385,0.1600630283355713
1822,Q72LL6_wild,CC(C)CC(C(=O)O)N,0.7075701760979364,0.7263128161430359,0.22581666707992554,0.2528206408023834
1823,Q72LL6_wild,C(CC(C(=O)O)N)CC(=O)O,0.8260748027008264,0.5128393769264221,0.40886953473091125,0.10334950685501099
1824,Q72LL6_R23Q,C(CC(C(=O)O)N)CC(=O)O,-1.080921907623926,0.41780775785446167,0.4682208001613617,0.038334935903549194
1825,Q72LL6_S20E,CC(C)CC(C(=O)O)N,-1.6382721639824072,0.566230058670044,0.29991623759269714,0.12154722213745117
1826,Q72LL6_R23A,C(CC(C(=O)O)N)CC(=O)O,-1.958607314841775,0.40972137451171875,0.487999826669693,0.024928957223892212
1827,Q72LL6_R23A,C(CC(=O)O)C(C(=O)O)N,-0.6382721639824072,0.6277068257331848,1.0072176456451416,-0.07174235582351685
1828,A0A0H3W5U9_wild,CC=O,2.380211241711606,0.9160842299461365,0.5131850242614746,1.0264486074447632
1829,A0A0H3W5U9_wild,C1C=CN(C=C1C(=O)N)C2C(C(C(O2)COP(=O)(O)OP(=O)(O)OCC3C(C(C(O3)N4C=NC5=C(N=CN=C54)N)O)O)O)O,2.380211241711606,1.1740453243255615,-1.0987581014633179,2.0514063835144043
1830,A0A0H3W5U9_wild,C1C=CN(C=C1C(=O)N)C2C(C(C(O2)COP(=O)(O)OP(=O)(O)OCC3C(C(C(O3)N4C=NC5=C(N=CN=C54)N)OP(=O)(O)O)O)O)O,2.4471580313422194,1.1900724172592163,-1.3241716623306274,2.1130995750427246
1831,A0A075W3Z0_wild,CC(=CCCC(=CCCC(=CC(=O)[O-])C)C)C,-3.1249387366083,-1.539984107017517,-1.943740963935852,1.2015793323516846
1832,P77432_wild,CC(=O)C(=O)C(CO)O,1.2304489213782739,0.8722425103187561,-0.5051888823509216,1.3004928827285767
1833,Q6I7B6_wild,C1C(C(OC1OP(=O)(O)O)CO)O,2.2380461031287955,0.2132246047258377,-0.3662157952785492,1.2236030101776123
1834,P39411_wild,C1C(C(OC1N2C=NC3=C2N=CNC3=O)COP(=O)(O)OP(=O)(O)OP(=O)(O)O)O,1.3483048630481607,0.8405381441116333,-0.2181134670972824,1.6366734504699707
1835,P39411_wild,C1=NC2=C(C(=O)N1)N=CN2C3C(C(C(O3)COP(=O)(O)OP(=O)(O)OP(=O)(O)O)O)O,2.758381941774675,0.6371259689331055,-0.22729673981666565,1.739843487739563
1836,P39411_wild,C1=NC2=C(N1C3C(C(C(O3)COP(=O)(O)OP(=O)(O)OP(=O)(O)O)O)O)NC(=O)NC2=O,3.4191293077419758,0.6424694657325745,-0.3408699333667755,1.6737542152404785
1837,P39411_wild,C1=NC2=C(N1C3C(C(C(O3)COP(=O)(O)OP(=O)(O)OP(=O)(O)O)O)O)N=C(NC2=O)N,2.7899330809317506,0.37087708711624146,-0.3058551549911499,1.5075386762619019
1838,A1SUU0_wild,C(C(C(=O)O)N)O,0.9661417327390326,0.6507457494735718,0.7573363780975342,0.19094623625278473
1839,A9S190_wild,C1=CC(=C[N+](=C1)C2C(C(C(O2)COP(=O)([O-])OP(=O)(O)OCC3C(C(C(O3)N4C=NC5=C(N=CN=C54)N)O)O)O)O)C(=O)N,-0.7695510786217261,0.7793241143226624,-0.30103766918182373,0.7792825698852539
1840,A9S190_wild,C1=CC(=C[N+](=C1)C2C(C(C(O2)COP(=O)(O)OP(=O)(O)OCC3C(C(C(O3)N4C=NC5=C(N=CN=C54)N)OP(=O)(O)O)O)O)O)C(=O)N,-1.3010299956639813,0.7619218826293945,-0.6044504642486572,0.9460911750793457
1841,A9S190_wild,C(CC(C(=O)O)N)C=O,-0.3565473235138126,1.3506851196289062,-0.20470842719078064,0.5436676740646362
1842,A0A2H4PMI3_wild,C1=CC(=C[N+](=C1)C2C(C(C(O2)COP(=O)(O)OP(=O)(O)OCC3C(C(C(O3)N4C=NC5=C(N=CN=C54)N)OP(=O)(O)O)O)O)O)C(=O)N,-0.09691001300805639,0.8875558972358704,-0.6907011270523071,0.982203483581543
1843,A0A2H4PMI3_K329A,C(CC(C(=O)O)N)C=O,-0.585026652029182,1.3951069116592407,-0.31699320673942566,0.6571351289749146
1844,A0A2H4PMI3_wild,C(C(C=O)O)OP(=O)(O)O,-0.3979400086720376,0.7420074343681335,-0.5799590349197388,0.5062217116355896
1845,A0A2H4PMI3_D226A,C1=CC(=C[N+](=C1)C2C(C(C(O2)COP(=O)(O)OP(=O)(O)OCC3C(C(C(O3)N4C=NC5=C(N=CN=C54)N)OP(=O)(O)O)O)O)O)C(=O)N,0.17609125905568124,0.8864843249320984,-0.695043683052063,0.990321159362793
1846,A0A2H4PMI3_E205A,C(CC(C(=O)O)N)C=O,-0.6777807052660807,1.400610327720642,-0.33667317032814026,0.650323748588562
1847,A0A2H4PMI3_wild,C1=CC(=C[N+](=C1)C2C(C(C(O2)COP(=O)([O-])OP(=O)(O)OCC3C(C(C(O3)N4C=NC5=C(N=CN=C54)N)O)O)O)O)C(=O)N,0.4913616938342727,0.8543717861175537,-0.41559603810310364,0.7863938808441162
1848,A0A2H4PMI3_D226A,C1=CC(=C[N+](=C1)C2C(C(C(O2)COP(=O)([O-])OP(=O)(O)OCC3C(C(C(O3)N4C=NC5=C(N=CN=C54)N)O)O)O)O)C(=O)N,0.23044892137827394,0.8528861403465271,-0.41847291588783264,0.7939403653144836
1849,A0A2H4PMI3_D226A,C(CC(C(=O)O)N)C=O,0.5563025007672873,1.4190328121185303,-0.34069910645484924,0.6833540797233582
1850,A0A2H4PMI3_F202A,C(CC(C(=O)O)N)C=O,-0.8239087409443188,1.2854152917861938,-0.28393349051475525,0.577353835105896
1851,A0A2H4PMI3_wild,C(CC(C(=O)O)N)C=O,0.8325089127062363,1.4214504957199097,-0.3332481384277344,0.6760345101356506
1852,A0A2H4PMI3_F505A,C(CC(C(=O)O)N)C=O,-1.5228787452803376,1.4067742824554443,-0.34127843379974365,0.6735496520996094
1853,A0A2H4PMI3_S331A,C(CC(C(=O)O)N)C=O,0.2624510897304295,1.4065018892288208,-0.3221100866794586,0.6622170209884644
1854,Q01740_wild,CC(=O)NC1=CC=C(C=C1)C=NNC(=S)N,0.125481265700594,-0.11320416629314423,-1.1204780340194702,1.4471156597137451
1855,P50285_wild,CCC1=NC=CC(=C1)C(=S)N,0.6551384348113821,-1.1300238370895386,-0.42208388447761536,0.8071883916854858
1856,Q8K2I3_wild,CCC1=NC=CC(=C1)C(=S)N,0.9754318085092629,-0.8365780711174011,-0.4169401228427887,0.9101549386978149
1857,Q01740_wild,CN1C=CNC1=S,-0.2798406965940431,-0.3026351034641266,-1.1949254274368286,0.8598580360412598
1858,Q01740_wild,CCC1=NC=CC(=C1)C(=S)N,0.17609125905568124,-1.1848129034042358,-0.48171404004096985,0.8346481323242188
1859,Q99518_wild,CCC1=NC=CC(=C1)C(=S)N,-0.09420411963213146,-0.9645628333091736,-0.461382657289505,0.9530324935913086
1860,Q99518_S195L,CC1=CC=C(C=C1)SC,1.0,-0.27227407693862915,-1.7257277965545654,1.6322438716888428
1861,Q99518_S195L,C1C=CN(C=C1C(=O)N)C2C(C(C(O2)COP(=O)(O)OP(=O)(O)OCC3C(C(C(O3)N4C=NC5=C(N=CN=C54)N)OP(=O)(O)O)O)O)O,1.1818435879447726,0.20974114537239075,-1.416345238685608,1.9821181297302246
1862,Q99518_wild,C1C=CN(C=C1C(=O)N)C2C(C(C(O2)COP(=O)(O)OP(=O)(O)OCC3C(C(C(O3)N4C=NC5=C(N=CN=C54)N)OP(=O)(O)O)O)O)O,1.3729120029701067,0.351349800825119,-1.4444736242294312,2.1035468578338623
1863,Q99518_N413K,CC1=CC=C(C=C1)SC,1.8518696007297664,-0.1486097127199173,-1.7501931190490723,1.7117531299591064
1864,Q99518_wild,CC1=CC=C(C=C1)SC,1.6263403673750423,-0.14441466331481934,-1.7513659000396729,1.712138295173645
1865,Q99518_N413K,C1C=CN(C=C1C(=O)N)C2C(C(C(O2)COP(=O)(O)OP(=O)(O)OCC3C(C(C(O3)N4C=NC5=C(N=CN=C54)N)OP(=O)(O)O)O)O)O,1.974971994298069,0.34829631447792053,-1.4445286989212036,2.1003501415252686
1866,A7A7R9_wild,CC12CCC(=O)C=C1CCC3C2C(CC4(C3CCC4(C(=O)CO)O)C)O,1.0453229787866574,0.9948127865791321,-1.1130025386810303,1.5792192220687866
1867,Q5T6J7_wild,C(C(C(C(C(C(=O)[O-])O)O)O)O)O,0.9684829485539351,1.3422636985778809,-0.07692921161651611,1.5089884996414185
1868,Q5T6J7_wild,C1=NC(=C2C(=N1)N(C=N2)C3C(C(C(O3)COP(=O)(O)OP(=O)(O)OP(=O)(O)O)O)O)N,0.9777236052888478,1.236519455909729,-0.816948413848877,1.9565789699554443
1869,A0A0B5L773_wild,COC(=O)NC1C(C(C(OC1OC2C(OC(C(C2O)N)OC3C(OC(C(C3O)N)O)CO)CO)CO)OC4C(C(C(C(O4)CO)OC5C(C(C(C(O5)CO)OC6C(C(C(C(O6)CO)OC7C(C(C(C(O7)CO)OC8C(C(C(C(O8)CO)OC9C(C(C(C(O9)CO)O)O)N)O)N)O)N)O)N)O)N)O)N)O,-0.3279021420642826,1.7200217247009277,0.3862890303134918,1.3053076267242432
1870,A7KBW5_wild,COC(=O)NC1C(C(C(OC1OC2C(OC(C(C2O)N)OC3C(OC(C(C3O)N)O)CO)CO)CO)OC4C(C(C(C(O4)CO)OC5C(C(C(C(O5)CO)OC6C(C(C(C(O6)CO)OC7C(C(C(C(O7)CO)OC8C(C(C(C(O8)CO)OC9C(C(C(C(O9)CO)O)O)N)O)N)O)N)O)N)O)N)O)N)O,2.311753861055754,1.6942899227142334,-0.13854210078716278,1.2241376638412476
1871,P33665_wild,COC(=O)NC1C(C(C(OC1OC2C(OC(C(C2O)N)OC3C(OC(C(C3O)N)O)CO)CO)CO)OC4C(C(C(C(O4)CO)OC5C(C(C(C(O5)CO)OC6C(C(C(C(O6)CO)OC7C(C(C(C(O7)CO)OC8C(C(C(C(O8)CO)OC9C(C(C(C(O9)CO)O)O)N)O)N)O)N)O)N)O)N)O)N)O,1.0934216851622351,1.866746187210083,-0.06965860724449158,1.3438881635665894
1872,G2NRC4_wild,COC(=O)NC1C(C(C(OC1OC2C(OC(C(C2O)N)OC3C(OC(C(C3O)N)O)CO)CO)CO)OC4C(C(C(C(O4)CO)OC5C(C(C(C(O5)CO)OC6C(C(C(C(O6)CO)OC7C(C(C(C(O7)CO)OC8C(C(C(C(O8)CO)OC9C(C(C(C(O9)CO)O)O)N)O)N)O)N)O)N)O)N)O)N)O,1.0492180226701815,1.6570271253585815,-0.2672497630119324,1.1209204196929932
1873,E5GAF4_wild,CC(=CCCC(=CCCC(=CCOP(=O)(O)OP(=O)(O)O)C)C)C,-0.721246399047171,-1.5203477144241333,-2.0993032455444336,0.6794620752334595
1874,P11454_wild,C(C(C(=O)O)N)O,-2.0809219076239263,0.3339668810367584,0.081276535987854,0.3243235647678375
1875,P76422_wild,CC1=NC=C(C(=N1)N)COP(=O)([O-])[O-],-1.4685210829577449,-0.3456069231033325,-1.34148371219635,0.3635244369506836
1876,W8CV45_M65A,C1=CC=C2C(=C1)C(=CN2)CC(C(=O)O)N,0.04139268515822508,-0.05918853357434273,-0.8587121963500977,0.6138330698013306
1877,W8CV45_Y292H,C1=CC=C2C(=C1)C(=CN2)CC(C(=O)O)N,0.5440680443502757,0.2261967808008194,-0.8886823654174805,0.8785717487335205
1878,W8CV45_V133A,C1=CC=C2C(=C1)C(=CN2)CC(C(=O)O)N,0.414973347970818,0.18916426599025726,-0.8942084312438965,0.8403621912002563
1879,W8CV45_M295A,C1=CC=C2C(=C1)C(=CN2)CC(C(=O)O)N,0.9030899869919435,0.2016133815050125,-0.8821260929107666,0.8435508012771606
1880,W8CV45_V291A,C1=CC=C2C(=C1)C(=CN2)CC(C(=O)O)N,0.4623979978989561,0.19439564645290375,-0.8895479440689087,0.8377942442893982
1881,W8CV45_Y292F,C1=CC=C2C(=C1)C(=CN2)CC(C(=O)O)N,1.3222192947339193,0.1845030039548874,-0.8901290893554688,0.8429054021835327
1882,W8CV45_I296A,C1=CC=C2C(=C1)C(=CN2)CC(C(=O)O)N,1.0,0.2096327692270279,-0.8711192607879639,0.8390090465545654
1883,W8CV45_wild,C1=CC=C2C(=C1)C(=CN2)CC(C(=O)O)N,1.3010299956639813,0.18770863115787506,-0.8828067779541016,0.8421790599822998
1884,W8CV45_V132A,C1=CC=C2C(=C1)C(=CN2)CC(C(=O)O)N,0.6627578316815741,0.19745270907878876,-0.8992303013801575,0.8441277742385864
1885,W8CV45_Y292W,C1=CC=C2C(=C1)C(=CN2)CC(C(=O)O)N,0.9294189257142927,0.1380898505449295,-0.8865220546722412,0.8161712884902954
1886,W8CV45_M40L,C1=CC=C2C(=C1)C(=CN2)CC(C(=O)O)N,1.0791812460476249,0.16802455484867096,-0.8890830278396606,0.830710768699646
1887,W8CV45_L288M,C1=CC=C2C(=C1)C(=CN2)CC(C(=O)O)N,-0.4089353929735008,0.1742164045572281,-0.8816812038421631,0.8295936584472656
1888,Q40577_wild,CC(=CCOP(=O)(O)OP(=O)(O)O)CCC=C(C)CNC1=CC=CC=C1,-3.9208187539523753,-1.4887501001358032,-1.9775816202163696,0.42330309748649597
1889,P06672_wild,CC(=O)C(=O)[O-],2.6866362692622934,1.238385796546936,0.7970268726348877,0.5565177798271179
1890,P06672_I476F,CC(=O)C(=O)[O-],1.8864907251724818,1.2354000806808472,0.7987014651298523,0.5504351854324341
1891,P06672_I476F,CCCCC(=O)C(=O)O,-0.09691001300805639,0.9163867235183716,0.3455774486064911,1.1256455183029175
1892,P06672_I472A/I476F,CC(=O)C(=O)[O-],0.9030899869919435,1.237259030342102,0.8056439757347107,0.5475354790687561
1893,P06672_wild,CCC(=O)C(=O)[O-],1.7881683711411678,1.3712669610977173,0.7822303771972656,0.8556010723114014
1894,P06672_I472A/I476F,CCC(=O)C(=O)O,0.9542425094393249,0.846594512462616,1.2175378799438477,0.667175829410553
1895,P06672_I472A/I476F,CCCCC(=O)C(=O)O,1.9138138523837167,0.9265651106834412,0.35289767384529114,1.126184344291687
1896,P06672_I472A/I476F,CCCC(=O)C(=O)O,1.4771212547196624,0.8259368538856506,0.7090415358543396,1.0163224935531616
1897,P06672_wild,CCCCC(=O)C(=O)O,0.6020599913279624,0.9266377091407776,0.3440573513507843,1.1318566799163818
1898,P06672_I472A,CCCCC(=O)C(=O)O,2.113943352306837,0.9348554611206055,0.3525104522705078,1.1306445598602295
1899,P06672_I472A,CC(=O)C(=O)[O-],2.3010299956639813,1.2375569343566895,0.8051637411117554,0.5510786175727844
1900,P06672_I472A/I476F,C1=CC=C(C=C1)C(=O)C(=O)O,0.07918124604762482,1.3247241973876953,0.5024985074996948,1.0473543405532837
1901,P06672_I472A,CCC(=O)C(=O)O,2.3979400086720375,0.8492245674133301,1.2194693088531494,0.6715930104255676
1902,P06672_wild,CCCC(=O)C(=O)O,1.7242758696007892,0.8319311141967773,0.7009614109992981,1.0236154794692993
1903,P06672_I472A,C1=CC=C(C=C1)C(=O)C(=O)O,0.8388490907372553,1.3280338048934937,0.5040457248687744,1.054408073425293
1904,P06672_I476F,CCCC(=O)C(=O)O,1.0413926851582251,0.8204653859138489,0.7009498476982117,1.0173826217651367
1905,P06672_I476F,CCC(=O)C(=O)O,1.505149978319906,0.8360077738761902,1.2111241817474365,0.6717559099197388
1906,P06672_I472A,CCCC(=O)C(=O)O,2.342422680822206,0.835095226764679,0.7093862295150757,1.0210962295532227
1907,P06672_wild,CCC(=O)C(=O)O,2.505149978319906,0.8406673073768616,1.212328314781189,0.6782554984092712
1908,P06672_wild,CCCC(=O)C(=O)[O-],1.7242758696007892,1.0917640924453735,0.6699458360671997,0.9451766014099121
1909,C6L2F4_wild,C(C1C(C(C(C(O1)OP(=O)(O)O)O)O)O)O,1.9684829485539352,0.40662574768066406,-0.882936418056488,1.0417656898498535
1910,Q9NWT6_wild,O=O,-0.2596373105057561,0.43360021710395813,-0.9365968108177185,1.571758508682251
1911,O24035_wild,CC(C)(CO)C(C(=O)[O-])O,0.7839035792727349,-0.26919010281562805,-0.725608229637146,0.7964966297149658
1912,P9WPP1_wild,CC(C)CCCC(C)C1CCC2C1(CCC3C2CC=C4C3(CCC(C4)O)C)C,-0.33068311943388784,-0.42788761854171753,-1.5435532331466675,0.9465193748474121
1913,Q8GR61_D38S/M39R,C(C(C(C(CO)O)O)O)O,1.252853030979893,1.1277329921722412,1.3904273509979248,-0.13729748129844666
1914,Q8GR61_wild,C(C(C(C(CO)O)O)O)O,1.390935107103379,1.3311619758605957,1.3739845752716064,-0.05346500873565674
1915,Q8GR61_D38S/M39R,C1=CC(=C[N+](=C1)C2C(C(C(O2)COP(=O)(O)OP(=O)(O)OCC3C(C(C(O3)N4C=NC5=C(N=CN=C54)N)OP(=O)(O)O)O)O)O)C(=O)N,-0.6861327796308466,1.7252014875411987,-0.7948289513587952,1.799896240234375
1916,Q8GR61_wild,C1=CC(=C[N+](=C1)C2C(C(C(O2)COP(=O)([O-])OP(=O)(O)OCC3C(C(C(O3)N4C=NC5=C(N=CN=C54)N)O)O)O)O)C(=O)N,1.4345689040341987,1.9563629627227783,-0.4944298267364502,1.8441224098205566
1917,Q8N5Z0_wild,C1=CC=C(C(=C1)C(=O)CC(C(=O)O)N)N,0.9894498176666918,0.7767765522003174,0.013417813926935196,0.8868743181228638
1918,Q8N5Z0_wild,C(C(=O)C(=O)O)C(=O)O,0.19451434188246727,1.434343695640564,0.10925805568695068,0.705933690071106
1919,Q8N5Z0_wild,CC(=O)C(=O)[O-],-0.43969479662257105,0.8601839542388916,0.5347263813018799,0.19818434119224548
1920,Q8N5Z0_wild,C1=CC(=CC=C1CC(=O)C(=O)O)O,-0.40523928421815575,0.7068246006965637,0.10704103112220764,0.6106711626052856
1921,Q8N5Z0_wild,C(CC(=O)O)C(=O)C(=O)O,0.884795363948981,1.0675523281097412,0.38439062237739563,0.46614474058151245
1922,Q8N5Z0_wild,CC(C)CC(=O)C(=O)O,0.3996737214810381,0.9584630131721497,0.29028448462486267,0.5398582816123962
1923,Q8N5Z0_wild,CC(C)C(=O)C(=O)O,-0.036212172654444715,1.073415756225586,0.547565221786499,0.2892235815525055
1924,Q8N5Z0_wild,CCC(C)C(=O)C(=O)[O-],-0.036212172654444715,0.6913706660270691,0.5287994146347046,0.3435262441635132
1925,Q8N5Z0_wild,CCCCC(=O)C(=O)[O-],0.6839471307515121,0.8663001656532288,0.373136967420578,0.4373716115951538
1926,Q8N5Z0_wild,CCCC(=O)C(=O)O,0.42488163663106704,0.7955657243728638,0.3809055984020233,0.5698876976966858
1927,Q8N5Z0_wild,C(=O)C(=O)[O-],0.561101383649056,1.3429116010665894,0.4709260165691376,0.2032017558813095
1928,Q8N5Z0_wild,C(CC(=O)C(=O)O)CC(=O)O,0.6848453616444125,0.9983499646186829,0.14200104773044586,0.4304201304912567
1929,Q8N5Z0_wild,CCC(=O)C(=O)O,0.5428254269591799,0.7195536494255066,0.7233277559280396,0.3440115451812744
1930,Q8N5Z0_wild,C(C(=O)C(=O)O)S,0.5552960644188573,0.9314333200454712,0.6226216554641724,0.6898735165596008
1931,Q8N5Z0_wild,C1=CC=C(C=C1)CC(=O)C(=O)O,0.6748611407378116,1.0015873908996582,0.4738580286502838,0.5901153683662415
1932,Q9XZT6_wild,C1C(C(OC1N2C=NC3=C2N=C(NC3=O)N)CO)O,1.255272505103306,-0.18350696563720703,-0.7374289631843567,1.161914348602295
1933,Q9XZT6_wild,C1C(C(OC1N2C=CC(=NC2=O)N)CO)O,1.2174839442139063,-0.2061200588941574,-1.8452390432357788,1.4916599988937378
1934,Q9XZT6_wild,CC1=CN(C(=O)NC1=O)C2CC(C(O2)CO)O,1.1760912590556813,-0.14276356995105743,-1.7928282022476196,1.425234317779541
1935,Q9XZT6_wild,C1C(C(OC1N2C=NC3=C(N=CN=C32)N)CO)O,1.3138672203691535,-0.19044384360313416,-0.8611265420913696,1.3685780763626099
1936,Q86LB8_wild,CC1=CN(C(=O)NC1=O)C2CC(C(O2)CO)O,-1.853871964321762,-0.33269113302230835,-1.7805641889572144,1.2783045768737793
1937,Q86LB8_wild,C1C(C(OC1N2C=NC3=C(N=CN=C32)N)CO)O,-1.6777807052660807,-0.21458514034748077,-0.9551886916160583,1.121186375617981
1938,Q86LB8_wild,C1C(C(OC1N2C=CC(=NC2=O)N)CO)O,-1.5228787452803376,-0.3218533396720886,-1.7889484167099,1.281785011291504
1939,Q86LB8_wild,C1C(C(OC1N2C=NC3=C2N=C(NC3=O)N)CO)O,-1.7212463990471711,-0.2619151771068573,-0.8444584608078003,0.8929599523544312
1940,Q9XZT6_Q81E,C1C(C(OC1N2C=CC(=NC2=O)N)CO)O,0.3222192947339193,-0.3198295831680298,-1.8418399095535278,1.3973228931427002
1941,Q9XZT6_wild,C1=CN(C(=O)N=C1N)C2C(C(C(O2)CO)O)(F)F,0.8129133566428556,-0.014915626496076584,-1.4180139303207397,1.2205618619918823
1942,Q9XZT6_Q81E,C1C(C(OC1N2C=NC3=C2N=C(NC3=O)N)CO)O,-0.13786862068696285,-0.2932581603527069,-0.747897744178772,1.0459154844284058
1943,A0A1S5T4Z0_wild,CC(=O)OC1=CC2=CC=CC=C2C=C1,3.725094521081469,1.1866196393966675,-1.0122588872909546,2.550670623779297
1944,P07987_wild,C(C1C(C(C(C(O1)OC2C(OC(C(C2O)O)OC3C(OC(C(C3O)O)OC4C(OC(C(C4O)O)OC5C(OC(C(C5O)O)O)CO)CO)CO)CO)O)O)O)O,0.04139268515822508,0.6936268210411072,0.08407801389694214,-0.07740479707717896
1945,P07987_wild,C(C1C(C(C(C(O1)OC2C(OC(C(C2O)O)OC3C(OC(C(C3O)O)OC4C(OC(C(C4O)O)OC5C(OC(C(C5O)O)OC6C(OC(C(C6O)O)O)CO)CO)CO)CO)CO)O)O)O)O,1.146128035678238,0.8371593952178955,-0.050464093685150146,0.057659804821014404
1946,P07987_D175A,C(C1C(C(C(C(O1)OC2C(OC(C(C2O)O)OC3C(OC(C(C3O)O)OC4C(OC(C(C4O)O)OC5C(OC(C(C5O)O)O)CO)CO)CO)CO)O)O)O)O,-1.6020599913279623,0.68385910987854,0.042825017124414444,-0.0668179988861084
1947,P07987_wild,C(C1C(C(C(C(O1)OC2C(OC(C(C2O)O)OC3C(OC(C(C3O)O)O)CO)CO)O)O)O)O,-1.2218487496163564,0.40478596091270447,0.2741418182849884,-0.1850292682647705
1948,P07987_D175A,C(C1C(C(C(C(O1)OC2C(OC(C(C2O)O)OC3C(OC(C(C3O)O)OC4C(OC(C(C4O)O)OC5C(OC(C(C5O)O)OC6C(OC(C(C6O)O)O)CO)CO)CO)CO)CO)O)O)O)O,-1.6989700043360187,0.8248515129089355,-0.09393656253814697,0.0661705732345581
1949,P07987_wild,C(C1C(C(C(C(O1)OC2C(OC(C(C2O)O)OC3C(OC(C(C3O)O)OC4C(OC(C(C4O)O)O)CO)CO)CO)O)O)O)O,0.6127838567197355,0.5036097168922424,0.1336812973022461,-0.19575244188308716
1950,P07987_D175A,C(C1C(C(C(C(O1)OC2C(OC(C(C2O)O)OC3C(OC(C(C3O)O)OC4C(OC(C(C4O)O)O)CO)CO)CO)O)O)O)O,-2.886056647693163,0.4991530478000641,0.09187531471252441,-0.18446660041809082
1951,P07987_D175A,C(C1C(C(C(C(O1)OC2C(OC(C(C2O)O)OC3C(OC(C(C3O)O)O)CO)CO)O)O)O)O,-3.522878745280338,0.40075552463531494,0.23342785239219666,-0.16590631008148193
1952,G0S9B2_W315R,C(C1C(C(C(C(O1)OC2C(OC(C(C2O)O)OC3C(OC(C(C3O)O)O)CO)CO)O)O)O)O,-3.657577319177794,0.29167941212654114,0.38169679045677185,-0.28814297914505005
1953,G0S9B2_S131W,C(C1C(C(C(C(O1)OC2C(OC(C(C2O)O)OC3C(OC(C(C3O)O)O)CO)CO)O)O)O)O,-3.136677139879544,0.2509869635105133,0.4118058979511261,-0.30138006806373596
1954,G0S9B2_W221R,C(C1C(C(C(C(O1)OC2C(OC(C(C2O)O)OC3C(OC(C(C3O)O)O)CO)CO)O)O)O)O,-3.3279021420642825,0.32170408964157104,0.3898971378803253,-0.23091042041778564
1955,G0S9B2_Y119F,C(C1C(C(C(C(O1)OC2C(OC(C(C2O)O)OC3C(OC(C(C3O)O)O)CO)CO)O)O)O)O,-2.9281179926938745,0.18425653874874115,0.45794710516929626,-0.3513142168521881
1956,G0S9B2_wild,C(C1C(C(C(C(O1)OC2C(OC(C(C2O)O)OC3C(OC(C(C3O)O)O)CO)CO)O)O)O)O,-3.2676062401770314,0.3195006847381592,0.42793866991996765,-0.26379483938217163
1957,C1K5M2_wild,CC(=CCOP(=O)(O)OP(=O)(O)O)C,-0.6989700043360187,-0.22110293805599213,-1.3351446390151978,1.0122413635253906
1958,W0J9X7_wild,CC(=C)CCOP(=O)(O)OP(=O)(O)O,-1.3279021420642825,-0.09049902856349945,-1.7492927312850952,1.2222604751586914
1959,W0J9X7_wild,CC(=CCOP(=O)(O)OP(=O)(O)O)C,-1.585026652029182,-0.22591416537761688,-1.3266161680221558,0.9924243688583374
1960,P14385_wild,C[S+](CCC(C(=O)[O-])N)CC1C(C(C(O1)N2C=NC3=C(N=CN=C32)N)O)O,-0.14468277460431425,-1.1942099332809448,-2.3224895000457764,1.5566993951797485
1961,P14385_Y108W,C[S+](CCC(C(=O)[O-])N)CC1C(C(C(O1)N2C=NC3=C(N=CN=C32)N)O)O,-0.5477023800988412,-1.2208309173583984,-2.3260703086853027,1.565470576286316
1962,P14385_Y108A,C[S+](CCC(C(=O)[O-])N)CC1C(C(C(O1)N2C=NC3=C(N=CN=C32)N)O)O,-1.736758644188059,-1.409166932106018,-2.234139919281006,1.3991367816925049
1963,P14385_F196W,C[S+](CCC(C(=O)[O-])N)CC1C(C(C(O1)N2C=NC3=C(N=CN=C32)N)O)O,-0.045757490560675115,-1.2265300750732422,-2.322640895843506,1.5493637323379517
1964,P14385_F196A,C[S+](CCC(C(=O)[O-])N)CC1C(C(C(O1)N2C=NC3=C(N=CN=C32)N)O)O,-1.5228787452803376,-1.331950306892395,-2.2596588134765625,1.4530125856399536
1965,O35543_Y152F,C(CC(=O)NC(CS)C(=O)NCC(=O)O)C(C(=O)O)N,1.469822015978163,0.6680237650871277,-0.38277286291122437,0.9830994606018066
1966,O35543_K198E,C(CC(=O)NC(CS)C(=O)NCC(=O)O)C(C(=O)O)N,0.9242792860618817,0.5801183581352234,-0.4380944073200226,0.9156546592712402
1967,O35543_L199F,C(CC(=O)NC(CS)C(=O)NCC(=O)O)C(C(=O)O)N,1.4712917110589385,0.6754511594772339,-0.41995683312416077,0.9743363857269287
1968,O35543_Y152F,CCCCCC(C=CC1C2CC(C1CC=CCCCC(=O)O)OO2)O,1.1917303933628562,-0.01572970673441887,-0.6458693146705627,1.2803491353988647
1969,O35543_K198E,CCCCCC(C=CC1C2CC(C1CC=CCCCC(=O)O)OO2)O,0.8561244442423004,-0.1380033642053604,-0.6947469711303711,1.1956912279129028
1970,O35543_L199F,CCCCCC(C=CC1C2CC(C1CC=CCCCC(=O)O)OO2)O,1.307496037913213,-0.04082842543721199,-0.6719725728034973,1.270236611366272
1971,Q58054_wild,C1=CC(C=CC1O)(CC(=O)C(=O)O)C(=O)O,1.089905111439398,0.3025747537612915,-0.7698503732681274,1.0350728034973145
1972,P84469_wild,[Fe+3],0.4913616938342727,2.2012760639190674,-1.1500413417816162,1.0810235738754272
1973,P84469_wild,C1C=CN(C=C1C(=O)N)C2C(C(C(O2)COP(=O)(O)OP(=O)(O)OCC3C(C(C(O3)N4C=NC5=C(N=CN=C54)N)O)O)O)O,0.4913616938342727,2.632988691329956,-1.6411365270614624,2.0721919536590576
1974,P49384_wild,C1=CC(=C[N+](=C1)C2C(C(C(O2)COP(=O)([O-])OP(=O)(O)OCC3C(C(C(O3)N4C=NC5=C(N=CN=C54)N)O)O)O)O)C(=O)N,2.611014798528277,0.9373055100440979,-0.14375917613506317,1.5327603816986084
1975,P49384_wild,CCO,2.4036922804171144,0.9242371916770935,1.0181148052215576,1.5139429569244385
1976,P49384_wild,C1C=CN(C=C1C(=O)N)C2C(C(C(O2)COP(=O)(O)OP(=O)(O)OCC3C(C(C(O3)N4C=NC5=C(N=CN=C54)N)O)O)O)O,3.0,1.4000862836837769,-0.6576516628265381,2.087836742401123
1977,P49384_wild,CC=O,3.0581727387066224,1.492128849029541,0.703249454498291,1.5198917388916016
1978,P49384_wild,C1=CC(=C[N+](=C1)C2C(C(C(O2)COP(=O)(O)OP(=O)(O)OCC3C(C(C(O3)N4C=NC5=C(N=CN=C54)N)OP(=O)(O)O)O)O)O)C(=O)N,1.2863066639649094,0.986853301525116,-0.049807701259851456,1.4793583154678345
1979,P49384_wild,C1C=CN(C=C1C(=O)N)C2C(C(C(O2)COP(=O)(O)OP(=O)(O)OCC3C(C(C(O3)N4C=NC5=C(N=CN=C54)N)OP(=O)(O)O)O)O)O,1.4522976199011588,1.4522368907928467,-0.6749675273895264,2.141563892364502
1980,P00330_wild,CC=O,2.24551266781415,1.0964158773422241,0.6701807975769043,1.3996481895446777
1981,P00330_wild,C1C=CN(C=C1C(=O)N)C2C(C(C(O2)COP(=O)(O)OP(=O)(O)OCC3C(C(C(O3)N4C=NC5=C(N=CN=C54)N)O)O)O)O,2.24551266781415,0.8421957492828369,-0.7119021415710449,1.934859037399292
1982,P00330_wild,C1=CC(=C[N+](=C1)C2C(C(C(O2)COP(=O)([O-])OP(=O)(O)OCC3C(C(C(O3)N4C=NC5=C(N=CN=C54)N)O)O)O)O)C(=O)N,2.24551266781415,0.426272988319397,-0.2515620291233063,1.4319450855255127
1983,P0ABR9_D114N,C1=CC(=C(C(=C1)O)O)CCC(=O)[O-],-1.0969100130080565,0.47792571783065796,-0.4279492497444153,0.41387224197387695
1984,P0ABR9_P181A,C1=CC(=C(C(=C1)O)O)CCC(=O)[O-],1.0413926851582251,0.5097563862800598,-0.4121864140033722,0.40606898069381714
1985,P0ABR9_P181H,C1=CC(=C(C(=C1)O)O)CCC(=O)[O-],-0.3279021420642826,0.5161266326904297,-0.4103985130786896,0.41081148386001587
1986,P0AE22_wild,C1=NC(=C2C(=N1)N(C=N2)C3C(C(C(O3)COP(=O)(O)O)O)O)N,1.3617278360175928,0.8233949542045593,-0.6645070314407349,2.6125142574310303
1987,P0AE22_wild,C1=NC2=C(N1C3C(C(C(O3)COP(=O)(O)O)O)O)N=C(NC2=O)N,1.8129133566428557,0.9477032423019409,-0.43387874960899353,2.361234426498413
1988,P0AE22_wild,C1=CN(C(=O)NC1=O)C2C(C(C(O2)COP(=O)(O)O)O)O,1.7853298350107671,1.705022931098938,-0.5591464042663574,2.3450658321380615
1989,P0AE22_wild,C1=CN(C(=O)N=C1N)C2C(C(C(O2)COP(=O)(O)O)O)O,1.414973347970818,1.5573347806930542,-0.4751330018043518,2.3102598190307617
1990,P0AE22_wild,C1=NC(=C2C(=N1)N(C=N2)C3C(C(C(O3)CO)OP(=O)(O)O)O)N,1.5185139398778875,0.7586419582366943,-0.5005348920822144,2.3707098960876465
1991,P0AE22_wild,C1=NC2=C(N1C3C(C(C(O3)CO)OP(=O)(O)O)O)N=C(NC2=O)N,1.5910646070264993,1.044606328010559,-0.3735906779766083,2.3009278774261475
1992,P0AE22_wild,C1=CN(C(=O)NC1=O)C2C(C(C(O2)CO)OP(=O)(O)O)O,1.7853298350107671,1.7908729314804077,-0.5456026196479797,2.317469835281372
1993,P0AE22_wild,C1=CN(C(=O)N=C1N)C2C(C(C(O2)CO)OP(=O)(O)O)O,1.9590413923210936,1.6592100858688354,-0.48825404047966003,2.3400397300720215
1994,P0AE22_wild,C1C(C(OC1N2C=NC3=C(N=CN=C32)N)COP(=O)(O)O)O,1.146128035678238,0.9056432843208313,-0.15136080980300903,2.3673744201660156
1995,P0AE22_wild,C1C(C(OC1N2C=NC3=C2N=C(NC3=O)N)COP(=O)(O)O)O,1.1760912590556813,0.9644985795021057,-0.23671497404575348,2.304981231689453
1996,P0AE22_wild,C1C(C(OC1N2C=CC(=O)NC2=O)COP(=O)(O)O)O,1.3802112417116061,1.3975142240524292,-0.5772144794464111,2.382402181625366
1997,P0AE22_wild,C1C(C(OC1N2C=CC(=NC2=O)N)COP(=O)(O)O)O,1.414973347970818,1.4297012090682983,-0.557216227054596,2.356508493423462
1998,P0AE22_wild,C1C(C(OC1N2C=NC3=C(N=CN=C32)N)CO)OP(=O)(O)O,1.4313637641589874,1.1305930614471436,-0.3264419138431549,2.5110766887664795
1999,P0AE22_wild,C1C(C(OC1N2C=NC3=C2N=C(NC3=O)N)CO)OP(=O)(O)O,1.414973347970818,1.3512872457504272,-0.3935374915599823,2.4668610095977783
2000,P0AE22_wild,C1=CC(=CC=C1[N+](=O)[O-])OP(=O)(O)O,2.1931245983544616,1.0794531106948853,0.26238319277763367,1.6013851165771484
2001,P0AE22_wild,C(C(C(C(C=O)O)O)O)OP(=O)(O)O,0.6901960800285137,1.3660539388656616,0.47232744097709656,1.6290714740753174
2002,P0AE22_wild,C(C1C(C(C(C(O1)O)O)O)O)OP(=O)(O)O,1.0,1.58474862575531,0.3093020021915436,1.7921817302703857
2003,P0AE22_wild,C(C(CO)OP(=O)(O)O)O,0.4623979978989561,0.9456784725189209,-0.09002378582954407,1.3004610538482666
2004,Q540U1_wild,C1=CC(=CC=C1[N+](=O)[O-])OP(=O)(O)O,1.792391689498254,0.7734071612358093,0.338304728269577,1.299093246459961
2005,Q58504_wild,C1=NC(=C2C(=N1)N(C=N2)C3C(C(C(O3)COP(=O)(O)OP(=O)(O)OP(=O)(O)O)O)O)N,1.4471580313422192,0.10809451341629028,-0.969776451587677,1.2482479810714722
2006,Q58504_wild,C(CO)C(C(=O)O)N,1.4471580313422192,0.29087260365486145,-0.18519116938114166,1.0377923250198364
2007,P21638_wild,CC1C2=NC(CC3=NC(=C(C4=NC(C5C(C(C1=N5)(C)CCC(=O)O)CC(=O)O)(C(C4CCC(=O)O)(C)CC(=O)O)C)C)C(C3CCC(=O)O)(C)CC(=O)O)(C(=C2CCC(=O)O)C)C,-2.848732222482426,0.6349828839302063,-2.429270029067993,1.8804340362548828
2008,Q9NQH7_wild,CC(C(=O)O)NC(=O)C1CCCN1C(=O)C(CCSC)N,2.2538224387080734,1.584571123123169,0.4579854905605316,1.498976469039917
2009,Q75CD7_wild,CC(C(=O)O)NC(=O)C1CCCN1C(=O)C(CCSC)N,2.4684211837380565,1.6192251443862915,0.3220348060131073,1.4208800792694092
2010,Q9NQH7_wild,CC(C)CC(C(=O)N1CCCC1C(=O)NC(C)C(=O)O)N,2.480581786829169,1.7823292016983032,0.3241572380065918,1.7157108783721924
2011,Q75CD7_wild,CC(C)CC(C(=O)N1CCCC1C(=O)NC(C)C(=O)O)N,2.2387484392812453,1.6652941703796387,0.3120059072971344,1.5443118810653687
2012,Q9NQH7_wild,CC(C(=O)O)NC(=O)C1CCCN1C(=O)C(CC2=CC=CC=C2)N,2.507855871695831,1.6856273412704468,0.6265603303909302,1.4729869365692139
2013,Q75CD7_wild,CC(C(=O)O)NC(=O)C1CCCN1C(=O)C(CC2=CC=CC=C2)N,1.9138668118962394,1.725840449333191,0.4500403106212616,1.4296164512634277
2014,Q9NQH7_wild,CC(C(=O)O)NC(=O)C1CCCN1C(=O)C(CC2=CC=C(C=C2)O)N,1.6201360549737576,1.3098574876785278,0.23237404227256775,1.46681547164917
2015,Q75CD7_wild,CC(C(=O)O)NC(=O)C1CCCN1C(=O)C(CC2=CC=C(C=C2)O)N,1.146128035678238,1.4119057655334473,0.050777461379766464,1.4221922159194946
2016,Q9NQH7_wild,C1=CC(=CC=C1CC(C(=O)NC(CO)C(=O)NC(CO)C(=O)O)N)O,0.9138138523837167,-0.03288032487034798,0.2991534173488617,0.6847746968269348
2017,Q75CD7_wild,C1=CC(=CC=C1CC(C(=O)NC(CO)C(=O)NC(CO)C(=O)O)N)O,0.17897694729316943,0.20706140995025635,0.17288003861904144,0.5252780318260193
2018,Q9NQH7_wild,CC(C(=O)NC(C)C(=O)O)NC(=O)C(CC1=CC=C(C=C1)O)N,1.4727564493172123,0.6586379408836365,0.16417920589447021,0.9395530223846436
2019,Q75CD7_wild,CC(C(=O)NC(C)C(=O)O)NC(=O)C(CC1=CC=C(C=C1)O)N,0.35024801833416286,0.6788470149040222,0.030727121978998184,0.8088023662567139
2020,P17952_wild,CC(C(=O)O)N,0.8356905714924255,0.5101983547210693,0.45013418793678284,0.7182214260101318
2021,P17952_wild,C(C(C(=O)O)N)O,1.0569048513364727,0.0764467865228653,0.6170221567153931,0.3022325932979584
2022,P17952_wild,C(C(=O)O)N,1.0674428427763807,0.2341252863407135,0.6418546438217163,0.6090259552001953
2023,P17952_wild,C(C(C(=O)O)N)Cl,1.0453229787866574,0.0032762177288532257,-0.14762020111083984,1.0906436443328857
2024,P33025_wild,C1=CNC(=O)NC1=O,0.5728716022004802,0.4371036887168884,-0.9013587236404419,0.6727794408798218
2025,P33025_K166A,C1=CNC(=O)NC1=O,-2.886056647693163,0.16686813533306122,-0.7566830515861511,0.41600728034973145
2026,P33025_E31A,C1=CNC(=O)NC1=O,-3.3010299956639813,0.08557672798633575,-0.8076664209365845,0.33697032928466797
2027,P33025_K93A,C1=CNC(=O)NC1=O,-0.6575773191777937,0.30496829748153687,-0.7694993019104004,0.5206734538078308
2028,P33025_N289A,C1=CNC(=O)NC1=O,-0.6382721639824072,0.24683429300785065,-0.7980068922042847,0.4518692195415497
2029,P00371_wild,O=O,2.155336037465062,0.8567689061164856,-0.6490098237991333,1.6496096849441528
2030,P00371_wild,C1CC(NC1)C(=O)O,1.9405164849325673,0.8379693031311035,0.9235265851020813,0.576659619808197
2031,P00371_wild,CSCCC(C(=O)O)N,2.155336037465062,0.8530024886131287,0.6541195511817932,1.1685872077941895
2032,P00371_Y224F,C1=CC=C(C=C1)CC(C(=O)O)N,1.6884198220027107,1.005079984664917,0.5563862323760986,0.8720147609710693
2033,P00371_Y224F,O=O,1.9637878273455553,0.8818730115890503,-0.6532411575317383,1.664979338645935
2034,P00371_Y224F,CSCCC(C(=O)O)N,1.9637878273455553,0.8712858557701111,0.6527318954467773,1.1815235614776611
2035,P00371_Y224F,C1CC(NC1)C(=O)O,1.92272545799326,0.8478197455406189,0.9168692827224731,0.592222273349762
2036,P00371_Y228F,CC(C(=O)O)N,0.6989700043360189,0.7300578951835632,0.9313052892684937,0.4546501338481903
2037,P00371_Y228F,O=O,1.6766936096248666,0.8230676054954529,-0.6523614525794983,1.6161701679229736
2038,P00371_Y224F,CC(C(=O)O)N,1.0644579892269186,0.7931128144264221,0.9226211905479431,0.5074630975723267
2039,P00371_Y228F,C1CC(NC1)C(=O)O,1.0681858617461617,0.7860926985740662,0.9366124868392944,0.534601092338562
2040,P00371_Y228F,CSCCC(C(=O)O)N,1.6766936096248666,0.7932557463645935,0.6586300730705261,1.122834324836731
2041,P00371_Y228F,C1=CC=C(C=C1)CC(C(=O)O)N,0.8512583487190752,0.9433104395866394,0.5486214756965637,0.8283247351646423
2042,P00371_wild,C(CC(C(=O)O)N)CN=C(N)N,0.5440680443502757,0.5510523915290833,0.6201705932617188,0.605548083782196
2043,P00371_wild,C(CCN)CC(C(=O)O)N,-0.09691001300805639,0.7294042110443115,0.7289624810218811,0.6670050024986267
2044,P00371_wild,CC(C)C(C(=O)O)N,0.3979400086720376,0.7083858847618103,0.6701112985610962,0.6915802955627441
2045,P00371_wild,C(C(C(=O)O)N)O,0.4913616938342727,0.1676149219274521,1.0083070993423462,0.27906838059425354
2046,P00371_wild,CCC(C)C(C(=O)O)N,0.6812412373755872,0.7643389701843262,0.35480448603630066,0.8281029462814331
2047,P00371_G313A,CC(C(=O)O)N,0.6901960800285137,0.7552458643913269,0.934424877166748,0.4689897894859314
2048,P00371_G313A,C1CC(NC1)C(=O)O,0.6127838567197355,0.7999675869941711,0.9285362362861633,0.5571513175964355
2049,P00371_G313A,C(CC(C(=O)O)N)CN=C(N)N,0.5797835966168101,0.5211224555969238,0.6239563822746277,0.5831308364868164
2050,P00371_G313A,C(C(C(=O)O)N)O,-0.12493873660829995,0.1388653665781021,1.0185747146606445,0.2531638741493225
2051,P00371_G313A,CCC(C)C(C(=O)O)N,-0.2006594505464183,0.7367294430732727,0.3628339469432831,0.8041561841964722
2052,P00371_G313A,CSCCC(C(=O)O)N,0.6384892569546373,0.8159934878349304,0.6559308171272278,1.1428700685501099
2053,P00371_Y228L/R283G,O=O,1.7916906490201179,0.43519127368927,-0.5501971244812012,1.2362672090530396
2054,P14920_wild,C(CC(C(=O)O)N)CN=C(N)N,-0.46852108295774486,0.6373369097709656,0.6438636779785156,0.6713937520980835
2055,P14920_wild,C1=C(NC=N1)CC(C(=O)O)N,-0.16749108729376366,0.5518800616264343,0.9716325998306274,0.6083681583404541
2056,P0A9P0_wild,C1=CC(=C[N+](=C1)C2C(C(C(O2)COP(=O)([O-])OP(=O)(O)OCC3C(C(C(O3)N4C=NC5=C(N=CN=C54)N)O)O)O)O)C(=O)N,2.246498580795801,1.6487735509872437,-0.6209129095077515,2.2196156978607178
2057,P85207_wild,[Cr+6],0.2787536009528289,1.1794880628585815,-0.9983789920806885,1.9323434829711914
2058,P09622_wild,C1CSSC1CCCCC(=O)[O-],1.3979400086720377,1.6741273403167725,0.07144045829772949,1.6419692039489746
2059,P31023_wild,C(CCC(=O)N)CC(CCS)S,2.278753600952829,0.9241646528244019,-0.09001442790031433,1.9471303224563599
2060,P09622_wild,C1C=CN(C=C1C(=O)N)C2C(C(C(O2)COP(=O)(O)OP(=O)(O)OCC3C(C(C(O3)N4C=NC5=C(N=CN=C54)N)O)O)O)O,2.2227164711475833,1.7471269369125366,-1.4634066820144653,2.533552646636963
2061,P09622_wild,C1CSSC1CCCCC(=O)O,0.9867717342662449,1.810948133468628,0.31604012846946716,1.6826177835464478
2062,P09622_wild,C1C[Se][Se]C1CCCCC(=O)O,0.6720978579357175,1.5171607732772827,-0.14692771434783936,1.2792696952819824
2063,P45568_wild,CC(=O)C(C(COP(=O)(O)O)O)O,3.9927007465366535,0.07147441804409027,-0.5008944272994995,1.4686998128890991
2064,P45568_wild,C1C=CN(C=C1C(=O)N)C2C(C(C(O2)COP(=O)(O)OP(=O)(O)OCC3C(C(C(O3)N4C=NC5=C(N=CN=C54)N)OP(=O)(O)O)O)O)O,3.9927007465366535,0.7105311751365662,-1.628987431526184,2.3408689498901367
2065,P45568_E231K,CC(=O)C(C(COP(=O)(O)O)O)O,1.367976723252521,-0.35656630992889404,-0.3874463737010956,1.1655700206756592
2066,P45568_E231K,C1C=CN(C=C1C(=O)N)C2C(C(C(O2)COP(=O)(O)OP(=O)(O)OCC3C(C(C(O3)N4C=NC5=C(N=CN=C54)N)OP(=O)(O)O)O)O)O,1.367976723252521,0.24797241389751434,-1.556836724281311,1.9879565238952637
2067,P45568_H153Q,C1C=CN(C=C1C(=O)N)C2C(C(C(O2)COP(=O)(O)OP(=O)(O)OCC3C(C(C(O3)N4C=NC5=C(N=CN=C54)N)OP(=O)(O)O)O)O)O,2.9927007465366535,0.5547152161598206,-1.5876723527908325,2.1954870223999023
2068,P45568_H153Q,CC(=O)C(C(COP(=O)(O)O)O)O,2.9927007465366535,-0.07989123463630676,-0.41758325695991516,1.3496259450912476
2069,P45568_H209Q,C1C=CN(C=C1C(=O)N)C2C(C(C(O2)COP(=O)(O)OP(=O)(O)OCC3C(C(C(O3)N4C=NC5=C(N=CN=C54)N)OP(=O)(O)O)O)O)O,1.1563470998611955,0.28285202383995056,-1.5346007347106934,1.9934732913970947
2070,P45568_H209Q,CC(=O)C(C(COP(=O)(O)O)O)O,1.1563470998611955,-0.3470614552497864,-0.367754727602005,1.1868212223052979
2071,P45568_H257Q,CC(=O)C(C(COP(=O)(O)O)O)O,0.8750612633917001,-0.316100150346756,-0.36955326795578003,1.2043241262435913
2072,P45568_H257Q,C1C=CN(C=C1C(=O)N)C2C(C(C(O2)COP(=O)(O)OP(=O)(O)OCC3C(C(C(O3)N4C=NC5=C(N=CN=C54)N)OP(=O)(O)O)O)O)O,0.8750612633917001,0.3095042407512665,-1.5332295894622803,2.014784812927246
2073,P9WHH7_wild,C1C=CN(C=C1C(=O)N)C2C(C(C(O2)COP(=O)(O)OP(=O)(O)OCC3C(C(C(O3)N4C=NC5=C(N=CN=C54)N)O)O)O)O,0.4471580313422192,1.3500421047210693,-1.186971664428711,1.637524962425232
2074,P9WHH7_wild,CC1=CC(=O)C=C(C1=O)C,0.4471580313422192,0.8209983706474304,-1.120544672012329,1.4338880777359009
2075,P9WHH7_wild,C1C=CN(C=C1C(=O)N)C2C(C(C(O2)COP(=O)(O)OP(=O)(O)OCC3C(C(C(O3)N4C=NC5=C(N=CN=C54)N)OP(=O)(O)O)O)O)O,-2.1023729087095586,1.2937134504318237,-1.3200929164886475,1.825439691543579
2076,P9WHH7_wild,C1=CC2=C(C(=O)C=CC2=O)C(=C1)O,0.3979400086720376,0.8686546683311462,-1.7903133630752563,1.7526116371154785
2077,Q9LEC9_wild,C(C1C(C(C(C(O1)OC2C(OC(C(C2O)O)O)CO)O)O)O)O,1.5550944485783191,0.863152801990509,0.948039174079895,0.6321708559989929
2078,Q9LEC9_wild,C(C1C(C(C(C(O1)OC2C(OC(C(C2O)O)OC3C(OC(C(C3O)O)O)CO)CO)O)O)O)O,2.0017337128090005,0.9868735671043396,0.6466642022132874,0.710466742515564
2079,Q9LEC9_wild,C(C1C(C(C(C(O1)OC2C(OC(C(C2O)O)OC3C(OC(C(C3O)O)OC4C(OC(C(C4O)O)O)CO)CO)CO)O)O)O)O,1.8727388274726688,1.0489510297775269,0.5747745037078857,0.6911144852638245
2080,Q9LEC9_wild,C(C1C(C(C(C(O1)OC2C(OC(C(C2O)O)OC3C(OC(C(C3O)O)OC4C(OC(C(C4O)O)OC5C(OC(C(C5O)O)OC6C(OC(C(C6O)O)O)CO)CO)CO)CO)CO)O)O)O)O,1.75815462196739,1.2026783227920532,0.5805301070213318,0.868109405040741
2081,Q9LEC9_wild,C(C1C(C(C(C(O1)OC2C(OC(C(C2O)O)OC3C(OC(C(C3O)O)OC4C(OC(C(C4O)O)OC5C(OC(C(C5O)O)OC6C(OC(C(C6O)O)OC7C(OC(C(C7O)O)O)CO)CO)CO)CO)CO)CO)O)O)O)O,1.546542663478131,1.2948741912841797,0.5954087376594543,0.8992175459861755
2082,Q9LEC9_wild,C1=CC(=CC=C1[N+](=O)[O-])OC2C(C(C(C(O2)CO)O)O)O,1.842609239610562,0.8921080231666565,0.468998521566391,1.0313552618026733
2083,Q72LF2_wild,C(C1C(C(C(C(O1)OC2C(C(C(C(O2)CO)O)O)O)O)O)O)O,2.5352941200427703,1.8348661661148071,0.7891045212745667,0.7987856864929199
2084,Q72LF2_wild,C(C1C(C(C(C(O1)OCC2C(C(C(C(O2)O)O)O)O)O)O)O)O,2.4099331233312946,1.870106816291809,0.8601047992706299,0.8319364190101624
2085,Q72LF2_wild,C(C1C(C(C(C(O1)OC2C(OC(C(C2O)O)O)CO)O)O)O)O,1.3424226808222062,1.8473304510116577,0.9077579975128174,0.789539635181427
2086,O25080_wild,CC(=O)OC1=CC=C(C=C1)[N+](=O)[O-],1.3042750504771283,0.739730954170227,-0.055772121995687485,1.3482916355133057
2087,Q6RYA0_G12T,CC(=O)OC1=CC=C(C=C1)[N+](=O)[O-],-1.5477023800988412,1.0399025678634644,0.3075491487979889,0.6559493541717529
2088,Q6RYA0_wild,CC(=O)OC1=CC=C(C=C1)[N+](=O)[O-],-0.6020599913279624,1.2388590574264526,0.2830744683742523,0.8310731649398804
2089,Q6RYA0_G12T/M239K,CC(=O)OC1=CC=C(C=C1)[N+](=O)[O-],-1.6020599913279623,0.890733540058136,0.3198630213737488,0.5272274017333984
2090,G2IQS7_wild,C1C(NC2=C(N1)N=C(NC2=O)N)CNC3=CC=C(C=C3)C(=O)NC(CCC(=O)O)C(=O)O,0.7604224834232121,1.03369140625,-0.5490460991859436,1.6728934049606323
2091,P31513_wild,CN(C)C,-0.25052132373815256,-0.10831449925899506,-1.0667033195495605,0.6442400217056274
2092,P31513_E158K,CN(C)C,-0.3467874862246563,-0.0891319066286087,-1.0683921575546265,0.6509691476821899
2093,P31513_V257M,CN(C)C,-0.2596373105057561,-0.11048011481761932,-1.0659621953964233,0.6420255899429321
2094,P31513_E308G,CN(C)C,-0.5228787452803376,-0.10816729068756104,-1.0579758882522583,0.6464271545410156
2095,P31513_N61S,CN(C)C,-1.0377885450968733,-0.1405719667673111,-1.045620083808899,0.6098665595054626
2096,P31513_P153L,CN(C)C,-1.4771212981491129,-0.11576947569847107,-1.062079668045044,0.6313511729240417
2097,P31513_wild,CN(C)CCCOC1=NN(C2=CC=CC=C21)CC3=CC=CC=C3,-0.36317793582009483,-0.6650550961494446,-0.9500452280044556,0.8163381218910217
2098,P31513_E158K,CN(C)CCCOC1=NN(C2=CC=CC=C21)CC3=CC=CC=C3,-0.3157532824360321,-0.681332528591156,-0.938300371170044,0.8210161924362183
2099,P31513_V257M,CN(C)CCCOC1=NN(C2=CC=CC=C21)CC3=CC=CC=C3,-0.36317793582009483,-0.6721327900886536,-0.9529969692230225,0.814294695854187
2100,P31513_E308G,CN(C)CCCOC1=NN(C2=CC=CC=C21)CC3=CC=CC=C3,-0.2596373105057561,-0.6649945974349976,-0.9438976049423218,0.8143292665481567
2101,P31513_N61S,CN(C)CCCOC1=NN(C2=CC=CC=C21)CC3=CC=CC=C3,-1.3467874862246563,-0.6854342222213745,-0.9382915496826172,0.7770965099334717
2102,P31513_P153L,CN(C)CCCOC1=NN(C2=CC=CC=C21)CC3=CC=CC=C3,-1.246672307794655,-0.6746863722801208,-0.9466462135314941,0.7969796061515808
2103,P31513_E24D,CN1C=CNC1=S,0.5638763981865851,0.021402224898338318,-1.1802624464035034,0.9106031656265259
2104,P31513_N61K,CN1C=CNC1=S,-1.1446827746043142,-0.05133360996842384,-1.1501904726028442,0.8484846353530884
2105,P31513_K416N,CN1C=CNC1=S,-0.10790539730951958,0.004545759409666061,-1.1831144094467163,0.910011887550354
2106,P31513_E24D,C1CNC(=S)N1,-0.07831352451639793,0.21159745752811432,-0.7099988460540771,0.8045668601989746
2107,P31513_K416N,C1CNC(=S)N1,-0.1528388200046471,0.1903667449951172,-0.7049566507339478,0.797832727432251
2108,P31513_E24D,CN(C)C,0.03409358025167626,-0.09793664515018463,-1.0692270994186401,0.6462814807891846
2109,P31513_K416N,CN(C)C,-0.07058107428570727,-0.1169755756855011,-1.0607247352600098,0.6372603178024292
2110,P31513_E24D,CC1=C(C2=C(C1=CC3=CC=C(C=C3)S(=O)C)C=CC(=C2)F)CC(=O)O,-0.13866474119329283,-0.05861860141158104,-0.9344528317451477,1.17758047580719
2111,P31513_N61K,CC1=C(C2=C(C1=CC3=CC=C(C=C3)S(=O)C)C=CC(=C2)F)CC(=O)O,-1.315753282436032,-0.13299566507339478,-0.9168072938919067,1.1023435592651367
2112,P31513_K416N,CC1=C(C2=C(C1=CC3=CC=C(C=C3)S(=O)C)C=CC(=C2)F)CC(=O)O,0.05690485133647256,-0.06902459263801575,-0.9294203519821167,1.1772228479385376
2113,P31513_wild,CN1C=CNC1=S,0.31456932413979044,0.01952579990029335,-1.1821410655975342,0.9159144163131714
2114,P31513_wild,C1CNC(=S)N1,-0.21824462534753114,0.2009078562259674,-0.7139052152633667,0.8098841309547424
2115,P31513_wild,CC1=C(C2=C(C1=CC3=CC=C(C=C3)S(=O)C)C=CC(=C2)F)CC(=O)O,-0.10790539730951958,-0.05289566144347191,-0.9338114261627197,1.18534517288208
2116,P16549_wild,C1C=CN(C=C1C(=O)N)C2C(C(C(O2)COP(=O)(O)OP(=O)(O)OCC3C(C(C(O3)N4C=NC5=C(N=CN=C54)N)OP(=O)(O)O)O)O)O,-0.23037656960174147,0.18604676425457,-1.3940917253494263,1.9394659996032715
2117,P16549_wild,O=O,-0.23037656960174147,0.6255137324333191,-1.2751222848892212,1.5443207025527954
2118,P16549_wild,CN(C)C,-0.2596373105057561,-0.168722465634346,-1.0261324644088745,0.6818601489067078
2119,P16549_wild,CN1C=CNC1=S,-0.23037656960174147,-0.184650719165802,-1.2587326765060425,0.9182316064834595
2120,A0A1C9J6A7_Y565F,CC(=CCCC(=CCOP(=O)(O)OP(=O)(O)O)C)C,-2.3979400086720375,-0.8927337527275085,-1.955915927886963,0.7660824060440063
2121,P0C2D4_wild,CC(C(=O)O)N,0.7944880466591696,0.9291915893554688,0.9453912973403931,0.6498829126358032
2122,P0C2D4_wild,C(CC(C(=O)O)N)CN,0.6910814921229685,1.0817009210586548,0.6220767498016357,1.0215975046157837
2123,P0C2D4_wild,C(C(C(=O)O)N)C(=O)N,0.2528530309798932,1.098483920097351,0.8927946090698242,0.9987521171569824
2124,P0C2D4_wild,C(CCN)CC(C(=O)O)N,0.8055008581584001,0.7902097702026367,0.9908931255340576,0.8714382648468018
2125,P0C2D4_wild,C(CC(=O)N)C(C(=O)O)N,0.6910814921229685,1.1978514194488525,1.1650985479354858,0.8527346849441528
2126,P0C2D4_wild,CCC(C)C(C(=O)O)N,0.5538830266438743,0.7488564848899841,0.6674290299415588,1.0517044067382812
2127,P0C2D4_wild,CCC(C(=O)O)N,0.9708116108725178,0.9057538509368896,0.9238764047622681,0.9655974507331848
2128,P0C2D4_wild,C1=C(NC=N1)CC(C(=O)O)N,0.9885589568786155,0.6547128558158875,0.5437349081039429,1.1329394578933716
2129,P0C2D4_wild,CCCC(C(=O)O)N,1.14921911265538,0.6644352674484253,0.5304579138755798,1.1587427854537964
2130,P0C2D4_wild,C(CC(C(=O)O)N)CN=C(N)N,1.4101020766428607,1.2797610759735107,0.5066499710083008,1.249044418334961
2131,P0C2D4_wild,CCCCC(C(=O)O)N,1.3230457354817013,0.8254851698875427,0.3084600865840912,1.2393215894699097
2132,P0C2D4_wild,CC(C)CC(C(=O)O)N,1.3688445068258213,1.0331968069076538,0.492074579000473,1.3076744079589844
2133,P0C2D4_wild,CSCCC(C(=O)O)N,1.3872118003137306,0.931808352470398,0.3771759867668152,1.362057089805603
2134,P0C2D4_wild,C1=CC=C2C(=C1)C(=CN2)CC(C(=O)O)N,1.0958664534785427,0.8040779232978821,-0.25115254521369934,1.4869308471679688
2135,P0C2D4_wild,C1=CC=C(C=C1)CC(C(=O)O)N,1.0314084642516241,0.9676699638366699,-0.16615185141563416,1.4530833959579468
2136,P0C2D4_wild,CC(C)C(C(=O)O)N,0.09691001300805642,0.9555652141571045,0.9525535106658936,0.901797890663147
2137,P0C2D4_wild,C(C(C(=O)O)N)S,0.48287358360875376,0.5177736282348633,0.4654701054096222,1.0955729484558105
2138,P0C2D4_wild,C1=CC(=CC=C1CC(C(=O)O)N)O,0.5145477526602861,0.3156309723854065,-0.49353328347206116,1.2980270385742188
2139,P04694_wild,C1=CC(=CC=C1CC(=O)C(=O)[O-])O,2.2174839442139063,0.2732302248477936,-0.08107100427150726,1.12883722782135
2140,P04694_R315K,C1=CC(=CC=C1CC(=O)C(=O)[O-])O,2.1903316981702914,0.2601178288459778,-0.09225963056087494,1.1244913339614868
2141,P04694_N54S,C1=CC(=CC=C1CC(=O)C(=O)[O-])O,0.7708520116421442,0.19710282981395721,-0.08080323040485382,1.0597388744354248
2142,P04694_wild,C1=CC=C(C=C1)CC(C(=O)O)N,2.4771212547196626,0.7300101518630981,0.685468316078186,1.042705774307251
2143,P0AEZ1_D120N,C1C2CN(CN2C3=C(N1)N=C(NC3=O)N)C4=CC=C(C=C4)C(=O)NC(CCC(=O)O)C(=O)O,-1.2441251443275085,0.6565056443214417,-1.0201687812805176,1.4093221426010132
2144,P0AEZ1_D120N,CN1C(CNC2=C1C(=O)NC(=N2)N)CNC3=CC=C(C=C3)C(=O)NC(CCC(=O)O)C(=O)O,-1.0604807473813815,0.9315303564071655,-1.0363523960113525,1.4831433296203613
2145,P0AEZ1_wild,CN1C(CNC2=C1C(=O)NC(=N2)N)CNC3=CC=C(C=C3)C(=O)NC(CCC(=O)O)C(=O)O,0.505149978319906,1.0765031576156616,-1.0784765481948853,1.6464815139770508
2146,P0AEZ1_wild,C1C2CN(CN2C3=C(N1)N=C(NC3=O)N)C4=CC=C(C=C4)C(=O)NC(CCC(=O)O)C(=O)O,1.0170333392987805,0.8250238299369812,-1.0774145126342773,1.5874682664871216
2147,P23721_wild,C(C(C(=O)O)N)OP(=O)(O)O,0.24303804868629444,1.0575146675109863,-0.8546698093414307,1.0364570617675781
2148,P23721_wild,C(C(=O)C(=O)O)OP(=O)(O)O,0.24303804868629444,0.9631428122520447,-1.2292944192886353,1.2078585624694824
2149,P23721_wild,C(C(C(C(=O)O)N)O)OP(=O)(O)O,-0.8239087409443188,1.0117759704589844,-0.6779540777206421,0.8969520330429077
2150,Q51507_wild,C=C(C(=O)O)OC1C=C(C=CC1O)C(=O)O,-1.0705810742857071,1.6034291982650757,-0.8157554864883423,1.999068021774292
2151,P25087_wild,CC(CCC=C(C)C)C1CCC2C1(CCC3=C2CCC4C3(CCC(C4)O)C)C,-1.958607314841775,-0.6010186076164246,-1.5012011528015137,0.6745007038116455
2152,P25087_H107L,CC(CCC=C(C)C)C1CCC2C1(CCC3=C2CCC4C3(CCC(C4)O)C)C,-2.5228787452803374,-0.5814223885536194,-1.518441081047058,0.7059967517852783
2153,P25087_E108L,CC(CCC=C(C)C)C1CCC2C1(CCC3=C2CCC4C3(CCC(C4)O)C)C,-2.6989700043360187,-0.6303854584693909,-1.515114188194275,0.6745750904083252
2154,P25087_D189L,CC(CCC=C(C)C)C1CCC2C1(CCC3=C2CCC4C3(CCC(C4)O)C)C,-2.0969100130080562,-0.6705679297447205,-1.4999090433120728,0.6124963760375977
2155,P25087_H199L,CC(CCC=C(C)C)C1CCC2C1(CCC3=C2CCC4C3(CCC(C4)O)C)C,-4.0,-1.1462024450302124,-1.33381187915802,0.27044498920440674
2156,P25087_E209L,CC(CCC=C(C)C)C1CCC2C1(CCC3=C2CCC4C3(CCC(C4)O)C)C,-2.0457574905606752,-0.6436498761177063,-1.5093435049057007,0.6271843910217285
2157,P25087_E224L,CC(CCC=C(C)C)C1CCC2C1(CCC3=C2CCC4C3(CCC(C4)O)C)C,-2.0969100130080562,-0.7222952246665955,-1.4624865055084229,0.5532182455062866
2158,P25087_H238L,CC(CCC=C(C)C)C1CCC2C1(CCC3=C2CCC4C3(CCC(C4)O)C)C,-2.0969100130080562,-0.5706329941749573,-1.5054503679275513,0.7020798921585083
2159,P25087_E246L,CC(CCC=C(C)C)C1CCC2C1(CCC3=C2CCC4C3(CCC(C4)O)C)C,-2.6989700043360187,-0.5595126748085022,-1.4947720766067505,0.718377947807312
2160,Q43445_wild,CC1C(CCC2(C1CC=C3C2CCC4(C3CCC4C(C)CCC(=C)C(C)C)C)C)O,-3.0,-1.247817039489746,-1.3888636827468872,0.6958413124084473
2161,Q43445_wild,C[S+](CCC(C(=O)[O-])N)CC1C(C(C(O1)N2C=NC3=C(N=CN=C32)N)O)O,-1.6989700043360187,-1.196675181388855,-1.2515753507614136,0.7380065321922302
2162,P25087_wild,C[S+](CCC(C(=O)[O-])N)CC1C(C(C(O1)N2C=NC3=C(N=CN=C32)N)O)O,-2.0,-1.296183466911316,-1.3574236631393433,0.6898410320281982
2163,Q40322_wild,CC(=CCCC(=CCOP(=O)(O)OP(=O)(O)O)C)C,-1.619788758288394,-0.8041717410087585,-1.6659350395202637,0.7885227203369141
2164,L7P6C5_wild,COC1=C(C(=CC=C1)OC)O,-2.6020599913279625,0.07793137431144714,-0.45764395594596863,0.7838882803916931
2165,L7P6C5_wild,CCN1C2=C(C=C(C=C2)S(=O)(=O)O)SC1=NN=C3N(C4=C(S3)C=C(C=C4)S(=O)(=O)O)CC,1.3454390168762778,0.6291700601577759,-0.4644247889518738,1.4156982898712158
2166,E1ACR6_wild,COC1=CC(=CC(=C1O)OC)C=NN=CC2=CC(=C(C(=C2)OC)O)OC,0.9890046156985368,0.4001452922821045,-1.825018286705017,2.1022913455963135
2167,F5L3U7_wild,COC1=C(C(=CC=C1)OC)O,1.3617278360175928,0.8317037224769592,-0.7047404050827026,1.1980006694793701
2168,Q8ZWA8_wild,CCN1C2=C(C=C(C=C2)S(=O)(=O)O)SC1=NN=C3N(C4=C(S3)C=C(C=C4)S(=O)(=O)O)CC,0.2600713879850748,0.5429571866989136,-0.9639191627502441,1.1765565872192383
2169,Q8ZWA8_M470L,CCN1C2=C(C=C(C=C2)S(=O)(=O)O)SC1=NN=C3N(C4=C(S3)C=C(C=C4)S(=O)(=O)O)CC,0.33845649360460484,0.5300938487052917,-0.9643900990486145,1.1643399000167847
2170,Q8ZWA8_M470F,CCN1C2=C(C=C(C=C2)S(=O)(=O)O)SC1=NN=C3N(C4=C(S3)C=C(C=C4)S(=O)(=O)O)CC,0.38021124171160603,0.5020143389701843,-0.9576147794723511,1.143221378326416
2171,C9E886_wild,COC1=C(C(=CC=C1)OC)O,1.9836713828601966,0.130994513630867,-0.6268850564956665,1.2325421571731567
2172,C9E886_wild,COC1=CC=CC=C1O,1.0338256939533104,-0.5376901626586914,0.15433944761753082,0.9148401021957397
2173,C9E886_wild,C1=CC=C(C(=C1)O)O,0.6394864892685861,0.28478386998176575,-0.2880472242832184,1.2949280738830566
2174,C9E886_wild,C1=CC=C2C(=C1)C=CC=C2O,1.548020694905531,0.12412451207637787,-0.30124035477638245,1.0574358701705933
2175,C9E886_wild,COC1=CC(=CC(=C1O)OC)C=NN=CC2=CC(=C(C(=C2)OC)O)OC,-1.494850021680094,-0.06348548829555511,-1.628987193107605,1.2150743007659912
2176,C9E886_wild,CCN1C2=C(C=C(C=C2)S(=O)(=O)O)SC1=NN=C3N(C4=C(S3)C=C(C=C4)S(=O)(=O)O)CC,-1.3767507096020994,-0.10381169617176056,-0.9900120496749878,1.0504626035690308
2177,G8IJH7_wild,COC1=CC(=CC(=C1O)OC)C=NN=CC2=CC(=C(C(=C2)OC)O)OC,1.1878026387184193,0.17700867354869843,-1.7207653522491455,2.0766451358795166
2178,G8IJH7_wild,C1=CC(=C(C=C1CCN)O)O,0.9836262871245346,0.41361579298973083,-0.5803890228271484,1.326123595237732
2179,G8IJH7_wild,C1=CC=C(C(=C1)O)O,1.7795243433247898,0.8715030550956726,-0.6419598460197449,1.5524183511734009
2180,G8IJH7_wild,COC1=C(C(=CC=C1)OC)O,1.2511513431753545,0.19361211359500885,-0.49412938952445984,1.2991573810577393
2181,Q5PWZ8_wild,C1CC1(C(=O)[O-])N,0.3862015459083946,0.24138571321964264,0.10813440382480621,0.4244786500930786
2182,P04694_wild,C1=CC=C2C(=C1)C(=CN2)CC(C(=O)O)N,2.4771212547196626,0.4279949963092804,0.5583423972129822,0.9712629318237305
2183,P10370_wild,C1=C(NC=N1)CC(CO)N,1.2227164711475833,0.6213350892066956,-0.5894393920898438,1.1341533660888672
2184,P10370_wild,C1=CC(=C[N+](=C1)C2C(C(C(O2)COP(=O)([O-])OP(=O)(O)OCC3C(C(C(O3)N4C=NC5=C(N=CN=C54)N)O)O)O)O)C(=O)N,1.2227164711475833,1.1271114349365234,-0.750710666179657,1.7091540098190308
2185,P9WKE1_wild,CC1=CN(C(=O)NC1=O)C2CC(C(O2)COP(=O)(O)O)O,0.6532125137753437,-0.9194236397743225,-1.4978892803192139,1.205435037612915
2186,P9WKE1_wild,C1=NC(=C2C(=N1)N(C=N2)C3C(C(C(O3)COP(=O)(O)OP(=O)(O)OP(=O)(O)O)O)O)N,0.6532125137753437,-0.5825560688972473,-1.0273879766464233,1.019150972366333
2187,O25511_wild,CC(=O)NC1C(C(C(OC1OP(=O)(O)OP(=O)(O)OCC2C(C(C(O2)N3C=CC(=O)NC3=O)O)O)CO)O)O,-1.0222763947111522,-0.3543926477432251,-0.9912621974945068,0.5945594906806946
2188,O25511_wild,C1C=CN(C=C1C(=O)N)C2C(C(C(O2)COP(=O)(O)OP(=O)(O)OCC3C(C(C(O3)N4C=NC5=C(N=CN=C54)N)O)O)O)O,-2.6478174818886377,0.07030127942562103,-1.50143563747406,1.0176830291748047
2189,Q8GAT9_wild,C1=CC(=CC=C1[N+](=O)[O-])OC2C(C(C(C(O2)CO)O)O)O,2.7481880270062002,0.9508890509605408,-0.5672217011451721,1.3123042583465576
2190,Q8GAT9_D223G,C1=CC(=CC=C1[N+](=O)[O-])OC2C(C(C(C(O2)CO)O)O)O,-1.9208187539523751,0.7453047037124634,-0.5587048530578613,1.1686477661132812
2191,Q8GAT9_E411A,C1=CC(=CC=C1[N+](=O)[O-])OC2C(C(C(C(O2)CO)O)O)O,-1.00436480540245,0.729164183139801,-0.5484094619750977,1.1417301893234253
2192,P50583_wild,C1=NC(=C2C(=N1)N(C=N2)C3C(C(C(O3)COP(=O)([O-])OP(=O)([O-])OP(=O)([O-])OP(=O)([O-])OCC4C(C(C(O4)N5C=NC6=C(N=CN=C65)N)O)O)O)O)N,0.6989700043360189,0.4749137759208679,-1.8565424680709839,1.3469500541687012
2193,Q9U2M7_wild,C1=NC(=C2C(=N1)N(C=N2)C3C(C(C(O3)COP(=O)([O-])OP(=O)([O-])OP(=O)([O-])OP(=O)([O-])OCC4C(C(C(O4)N5C=NC6=C(N=CN=C65)N)O)O)O)O)N,1.4313637641589874,0.18443775177001953,-1.5620163679122925,1.1782236099243164
2194,O95476_wild,C1=CC(=CC=C1[N+](=O)[O-])OP(=O)(O)O,0.0,-0.6119705438613892,-0.29973670840263367,0.30159589648246765
2195,Q9BYF1_wild,CC(C)CC(C(=O)NC(CO)C(=O)NC(CC1=CN=CN1)C(=O)NC(CCCCN)C(=O)NCC(=O)N2CCCC2C(=O)NC(CCSC)C(=O)N3CCCC3C(=O)NC(CC4=CC=CC=C4)C(=O)O)NC(=O)C(CCCN=C(N)N)NC(=O)C5CCCN5C(=O)C(CCCN=C(N)N)NC(=O)C(CCC(=O)N)N,1.1139433523068367,0.42215052247047424,-1.5208485126495361,1.6481237411499023
2196,Q9BYF1_wild,C1CC(N(C1)C(=O)C(CC2=CC=C(C=C2)O)N)C(=O)NC(CC3=CC=CC=C3)C(=O)N4CCCC4C(=O)N,0.8325089127062363,1.0647145509719849,-0.7414307594299316,1.6256959438323975
2197,Q9BYF1_wild,CCC(C)C(C(=O)NC(CCCN=C(N)N)C(=O)N1CCCC1C(=O)NC(CCCCN)C(=O)NC(CC(C)C)C(=O)NC(CCCCN)C(=O)O)NC(=O)C(CCCN=C(N)N)NC(=O)C(CCCN=C(N)N)NC(=O)C(CC(C)C)NC(=O)C(CC2=CC=CC=C2)NC(=O)CNC(=O)CNC(=O)C(CC3=CC=C(C=C3)O)N,1.2041199826559248,1.3746548891067505,-1.6183565855026245,1.9789255857467651
2198,Q9BYF1_wild,CC(C)CC(C(=O)NC(CC1=CC=C(C=C1)O)C(=O)NC(CCC(=O)O)C(=O)NC(CC(=O)N)C(=O)NC(CCCCN)C(=O)N2CCCC2C(=O)NC(CCCN=C(N)N)C(=O)O)NC(=O)C3CCC(=O)N3,1.7558748556724915,0.6346718072891235,-1.2135165929794312,1.696808934211731
2199,A0A1W6GW32_wild,CC(=CCCC(=CCCC(=CCOP(=O)(O)OP(=O)(O)O)C)C)C,0.320146286111054,-1.5317299365997314,-2.1449689865112305,0.4918254017829895
2200,A0A1W6GW06_wild,CC(=CCCC(=CCCC(=CCOP(=O)(O)OP(=O)(O)O)C)C)C,0.3159703454569177,-1.5060374736785889,-2.1523547172546387,0.5058411955833435
2201,A0A1W6GW18_wild,CC(=CCCC(=CCCC(=CCOP(=O)(O)OP(=O)(O)O)C)C)C,0.1846914308175988,-1.479650616645813,-2.159372568130493,0.4956011176109314
2202,O35543_C156L,C(CC(=O)NC(CS)C(=O)NCC(=O)O)C(C(=O)O)N,-0.2596373105057561,0.6806175708770752,-0.3693068325519562,0.9904396533966064
2203,O35543_C156Y,C(CC(=O)NC(CS)C(=O)NCC(=O)O)C(C(=O)O)N,-0.5228787452803376,0.6585350632667542,-0.3763165771961212,0.9979209899902344
2204,O35543_Y152F,C1=CC(=C(C=C1[N+](=O)[O-])[N+](=O)[O-])Cl,0.17609125905568124,0.6819382309913635,0.2555603086948395,0.7757047414779663
2205,O35543_C156L,C1=CC(=C(C=C1[N+](=O)[O-])[N+](=O)[O-])Cl,-0.15490195998574322,0.7061211466789246,0.29106441140174866,0.7955132722854614
2206,O35543_C156Y,C1=CC(=C(C=C1[N+](=O)[O-])[N+](=O)[O-])Cl,-0.09691001300805639,0.670217752456665,0.2844370901584625,0.7774469256401062
2207,O35543_K198E,C1=CC(=C(C=C1[N+](=O)[O-])[N+](=O)[O-])Cl,0.6627578316815741,0.5955493450164795,0.1756201535463333,0.714107096195221
2208,O35543_L199F,C1=CC(=C(C=C1[N+](=O)[O-])[N+](=O)[O-])Cl,0.14612803567823798,0.679169237613678,0.21881893277168274,0.763391375541687
2209,P41043_wild,C1=CC(=C(C=C1[N+](=O)[O-])[N+](=O)[O-])Cl,0.25767857486918455,-0.029914487153291702,-0.45997461676597595,0.8759471774101257
2210,P41043_wild,C(CC(=O)NC(CS)C(=O)NCC(=O)O)C(C(=O)O)N,0.25767857486918455,0.11499540507793427,-0.476139098405838,0.7319545745849609
2211,Q9SU56_wild,C[N+]1=C2C=CC=CC2=NC3=CC=CC=C31.COS(=O)(=O)[O-],1.806179973983887,0.6216658353805542,-0.8260970711708069,1.3747966289520264
2212,Q9SU56_wild,C1=CC(=O)C=CC1=O,2.03342375548695,1.0145454406738281,-0.8647523522377014,1.8326668739318848
2213,B1MK49_wild,C1=CC(=CC=C1CCC(=O)C2=C(C=C(C=C2O)O)O)O,-0.07058107428570727,0.6630743145942688,-1.1482254266738892,1.682997226715088
2214,B1MK49_wild,CC(=O)C1=C(C=C(C=C1O)O)O,1.6954816764901974,0.5898923277854919,-0.15959127247333527,1.2763031721115112
2215,P60472_wild,CC(=C)CCOP(=O)(O)OP(=O)(O)O,0.3979400086720376,-0.06302586197853088,-1.8452857732772827,1.3152155876159668
2216,P60472_H43A,CC(=CCCC(=CCCC(=CCOP(=O)(O)OP(=O)(O)O)C)C)C,-2.5850266520291822,-0.6500171422958374,-2.084317207336426,1.1527070999145508
2217,P60472_H43A,CC(=C)CCOP(=O)(O)OP(=O)(O)O,-2.5850266520291822,-0.3448670208454132,-1.713112235069275,1.0008587837219238
2218,P60472_H199A,CC(=CCCC(=CCCC(=CCOP(=O)(O)OP(=O)(O)O)C)C)C,0.3424226808222063,-0.3408862352371216,-2.17171573638916,1.5029869079589844
2219,P60472_H199A,CC(=C)CCOP(=O)(O)OP(=O)(O)O,0.3424226808222063,-0.04462336376309395,-1.8347307443618774,1.3283522129058838
2220,P60472_H199A/E213A,CC(=CCCC(=CCCC(=CCOP(=O)(O)OP(=O)(O)O)C)C)C,-2.6020599913279625,-0.7190517783164978,-2.106693983078003,1.1833529472351074
2221,P60472_H199A/E213A,CC(=C)CCOP(=O)(O)OP(=O)(O)O,-2.6020599913279625,-0.41287365555763245,-1.7747344970703125,1.017055630683899
2222,P60472_S71A,CC(=C)CCOP(=O)(O)OP(=O)(O)O,-0.958607314841775,-0.24237017333507538,-1.7522468566894531,1.1231924295425415
2223,P60472_N74A,CC(=C)CCOP(=O)(O)OP(=O)(O)O,-1.6575773191777938,-0.5470748543739319,-1.6360903978347778,0.7447308301925659
2224,P60472_W75A,CC(=C)CCOP(=O)(O)OP(=O)(O)O,0.04139268515822508,-0.27136099338531494,-1.613437294960022,0.9767735004425049
2225,P60472_R77A,CC(=C)CCOP(=O)(O)OP(=O)(O)O,-3.8538719643217623,-0.8720176815986633,-1.601074457168579,0.5671781897544861
2226,P60472_E81A,CC(=C)CCOP(=O)(O)OP(=O)(O)O,-0.3979400086720376,-0.4227333962917328,-1.68507981300354,0.9250115156173706
2227,P60472_D26A,CC(=C)CCOP(=O)(O)OP(=O)(O)O,-2.4814860601221125,-0.25371217727661133,-1.7851810455322266,1.102386236190796
2228,P60472_E73A,CC(=C)CCOP(=O)(O)OP(=O)(O)O,-0.5228787452803376,-0.1433253437280655,-1.7845484018325806,1.1788685321807861
2229,P60472_D150A,CC(=C)CCOP(=O)(O)OP(=O)(O)O,0.04139268515822508,-0.11268298327922821,-1.8308963775634766,1.223119854927063
2230,P60472_E213A,CC(=C)CCOP(=O)(O)OP(=O)(O)O,-1.585026652029182,-0.42011475563049316,-1.787979245185852,1.0165624618530273
2231,P60472_D218A,CC(=C)CCOP(=O)(O)OP(=O)(O)O,-0.6575773191777937,-0.09703876078128815,-1.883853793144226,1.2872744798660278
2232,P60472_D26A,CC(=CCCC(=CCCC(=CCOP(=O)(O)OP(=O)(O)O)C)C)C,-2.4814860601221125,-0.5492079257965088,-2.136404037475586,1.2652697563171387
2233,P60472_D150A,CC(=CCCC(=CCCC(=CCOP(=O)(O)OP(=O)(O)O)C)C)C,0.04139268515822508,-0.4279376268386841,-2.1741342544555664,1.40513277053833
2234,P60472_E213A,CC(=CCCC(=CCCC(=CCOP(=O)(O)OP(=O)(O)O)C)C)C,-1.585026652029182,-0.7349948883056641,-2.1137852668762207,1.1841922998428345
2235,P60472_D218A,CC(=CCCC(=CCCC(=CCOP(=O)(O)OP(=O)(O)O)C)C)C,-0.6575773191777937,-0.40496569871902466,-2.2081966400146484,1.4724427461624146
2236,P51015_wild,CC(=O)C(=O)[O-],0.01703333929878037,0.7229971289634705,0.007032204419374466,0.18402540683746338
2237,Q53WI0_wild,[Co+2],0.0,0.17909614741802216,-1.451391577720642,0.9568636417388916
2238,Q53WI0_wild,[Ni+2],-0.10237290870955856,0.48943886160850525,-1.1859968900680542,1.1157042980194092
2239,Q53WI0_wild,[Mn+2],-0.24412514432750865,0.8435810208320618,-1.5433704853057861,1.3555219173431396
2240,Q53WI0_wild,[Mg+2],-0.8860566476931633,0.7310726046562195,-0.4245092570781708,0.7234524488449097
2241,Q53WI0_wild,[Ca+2],-1.0969100130080565,0.5923998951911926,-1.0732214450836182,0.9321730136871338
2242,Q8TR16_wild,C1C=CN(C=C1C(=O)N)C2C(C(C(O2)COP(=O)(O)OP(=O)(O)OCC3C(C(C(O3)N4C=NC5=C(N=CN=C54)N)O)O)O)O,-0.08795515262882497,1.41592276096344,-1.2293487787246704,2.1679024696350098
2243,Q8TR16_wild,C1C=CN(C=C1C(=O)N)C2C(C(C(O2)COP(=O)(O)OP(=O)(O)OCC3C(C(C(O3)N4C=NC5=C(N=CN=C54)N)OP(=O)(O)O)O)O)O,-0.18708664335714442,1.2342045307159424,-1.492144227027893,2.256474256515503
2244,Q43445_wild,CC(CCC(=C(C)C)C)C1CCC2(C1(CCC34C2CCC5C3(C4)CCC(C5(C)C)O)C)C,-4.0,-1.0149157047271729,-1.3811190128326416,0.435981422662735
2245,P29723_wild,CC1(C(N2C(S1)C(C2=O)NC(=O)CC3=CC=CC=C3)C(=O)O)C,0.7708520116421442,0.9741562008857727,-1.2637253999710083,2.365166664123535
2246,P29723_wild,CC1(C(N2C(S1)C(C2=O)NC(=O)C(C3=CC=CC=C3)C(=O)O)C(=O)O)C,1.0681858617461617,0.8509020209312439,-1.4839566946029663,2.3275599479675293
2247,P29723_wild,CC1=C(C(=NO1)C2=CC=CC=C2)C(=O)NC3C4N(C3=O)C(C(S4)(C)C)C(=O)O,0.568201724066995,0.7022721171379089,-1.3204187154769897,2.433445692062378
2248,P29723_wild,CC1=C(C(=NO1)C2=CC=CC=C2Cl)C(=O)NC3C4N(C3=O)C(C(S4)(C)C)C(=O)O,0.6989700043360189,0.6650171875953674,-1.3904693126678467,2.3082447052001953
2249,P29723_wild,CC1(C(N2C(S1)C(C2=O)NC(=O)C(C3=CC=CC=C3)N)C(=O)O)C,0.8325089127062363,0.8996627926826477,-1.180385947227478,2.2645504474639893
2250,P29723_wild,[B-]1(N2C(=CC(=C2C=C3[N+]1=C(C=C3)CCC(=O)NC4=CC=C(C=C4)OCC(=O)NC5C6N(C5=O)C(C(S6)(C)C)C(=O)[O-])C)C)(F)F.[Na+],0.6989700043360189,0.7300720810890198,-1.7276638746261597,2.0797059535980225
2251,P00807_wild,C1C(=C(N2C(S1)C(C2=O)NC(=O)CC3=CC=CS3)C(=O)[O-])C[N+]4=CC=CC=C4,0.8228216453031046,1.1885672807693481,-1.2025824785232544,1.8043845891952515
2252,P00807_wild,CC1=NN=C(S1)SCC2=C(N3C(C(C3=O)NC(=O)CN4C=NN=N4)SC2)C(=O)O,0.670245853074124,1.0178579092025757,-1.0735565423965454,1.4371626377105713
2253,P00807_wild,CC(=O)OCC1=C(N2C(C(C2=O)NC(=O)CSC3=CC=NC=C3)SC1)C(=O)O,0.2600713879850748,0.9385489821434021,-1.4362558126449585,1.4712104797363281
2254,P00807_wild,CC(=O)OCC1=C(N2C(C(C2=O)NC(=O)CC3=CC=CS3)SC1)C(=O)O,-1.0177287669604316,0.9764246940612793,-1.4296479225158691,1.5484389066696167
2255,P00807_wild,CN1C(=NN=N1)SCC2=C(N3C(C(C3=O)NC(=O)C(C4=CC=CC=C4)O)SC2)C(=O)O,-0.4473317838878068,1.2939156293869019,-1.434951663017273,1.637075662612915
2256,P00807_wild,CON=C(C1=CC=CO1)C(=O)NC2C3N(C2=O)C(=C(CS3)COC(=O)N)C(=O)O,-2.0457574905606752,0.14508174359798431,-1.37191641330719,1.0949065685272217
2257,P00807_wild,C1C(=C(N2C(S1)C(C2=O)NC(=O)CC3=CC=CS3)C(=O)O)C=CC4=C(C=C(C=C4)[N+](=O)[O-])[N+](=O)[O-],1.4082399653118496,1.1852012872695923,-1.8318206071853638,1.9560999870300293
2258,P00807_wild,CC1(C(N2C(S1)C(C2=O)NC(=O)C(C3=CC=CC=C3)N)C(=O)O)C,2.6148972160331345,1.7371723651885986,-1.2252978086471558,2.1614444255828857
2259,P00807_wild,CC1(C(N2C(S1)C(C2=O)NC(=O)CC3=CC=CC=C3)C(=O)O)C,2.322219294733919,1.8795509338378906,-1.4304572343826294,2.229464054107666
2260,P18539_wild,C1C(=C(N2C(S1)C(C2=O)NC(=O)CC3=CC=CS3)C(=O)[O-])C[N+]4=CC=CC=C4,3.060697840353612,1.6871544122695923,-1.1648633480072021,2.749296188354492
2261,P18539_wild,CC1=NN=C(S1)SCC2=C(N3C(C(C3=O)NC(=O)CN4C=NN=N4)SC2)C(=O)O,3.113943352306837,1.8294316530227661,-1.0066033601760864,2.4102389812469482
2262,P18539_wild,C1C(=C(N2C(S1)C(C2=O)NC(=O)CC3=CC=CS3)C(=O)O)C=CC4=C(C=C(C=C4)[N+](=O)[O-])[N+](=O)[O-],3.093421685162235,1.829224944114685,-1.6745269298553467,2.891005516052246
2263,P18539_wild,CC(=O)OCC1=C(N2C(C(C2=O)NC(=O)C(=NOC)C3=CSC(=N3)N)SC1)C(=O)O,0.23044892137827394,0.4566795229911804,-2.031348943710327,1.8755812644958496
2264,P18539_wild,CON=C(C1=CC=CO1)C(=O)NC2C3N(C2=O)C(=C(CS3)COC(=O)N)C(=O)O,-0.09691001300805639,0.010107625275850296,-2.512955665588379,1.8414225578308105
2265,P18539_wild,COC1(C2N(C1=O)C(=C(CS2)COC(=O)N)C(=O)O)NC(=O)CC3=CC=CS3,-1.853871964321762,-0.1411435306072235,-2.5874032974243164,1.9182450771331787
2266,P18539_wild,CC1(C(N2C(S1)C(C2=O)NC(=O)CC3=CC=CC=C3)C(=O)O)C,1.8750612633917,1.1647878885269165,-2.1591615676879883,2.5577592849731445
2267,P18539_wild,CC(=O)OCC1=C(N2C(C(C2=O)NC(=O)CC3=CC=CS3)SC1)C(=O)O,3.041392685158225,1.416061520576477,-1.5696516036987305,2.673926830291748
2268,P18539_wild,CN1C(=NN=N1)SCC2=C(N3C(C(C3=O)(NC(=O)C(C4=CC=C(C=C4)O)C(=O)O)OC)OC2)C(=O)O,-0.9208187539523752,0.25436922907829285,-1.7950905561447144,1.6956770420074463
2269,P24735_wild,C1C(=C(N2C(S1)C(C2=O)NC(=O)CC3=CC=CS3)C(=O)O)C=CC4=C(C=C(C=C4)[N+](=O)[O-])[N+](=O)[O-],2.870403905279027,2.034043312072754,-1.7444850206375122,2.864530086517334
2270,P24735_wild,C1C(=C(N2C(S1)C(C2=O)NC(=O)CC3=CC=CS3)C(=O)[O-])C[N+]4=CC=CC=C4,2.041392685158225,1.8733947277069092,-1.3309043645858765,2.625039577484131
2271,P00811_wild,CC1=NN=C(S1)SCC2=C(N3C(C(C3=O)NC(=O)CN4C=NN=N4)SC2)C(=O)O,2.678518379040114,2.190810203552246,-0.7346674203872681,2.4961040019989014
2272,P24735_wild,CC(=O)OCC1=C(N2C(C(C2=O)NC(=O)CC3=CC=CS3)SC1)C(=O)O,2.6334684555795866,1.5575636625289917,-1.6900633573532104,2.579171895980835
2273,P00811_wild,CC1=C(N2C(C(C2=O)NC(=O)C(C3=CC=CC=C3)N)SC1)C(=O)O,1.5797835966168101,1.387839674949646,-1.6279144287109375,2.706409215927124
2274,P18539_wild,CC1=C(N2C(C(C2=O)NC(=O)C(C3=CC=CC=C3)N)SC1)C(=O)O,1.9030899869919435,1.1716376543045044,-1.6622272729873657,2.6677167415618896
2275,P24735_wild,CC1=C(N2C(C(C2=O)NC(=O)C(C3=CC=CC=C3)N)SC1)C(=O)O,1.4313637641589874,1.3939135074615479,-1.7364801168441772,2.5496346950531006
2276,P00811_wild,CON=C(C1=CC=CO1)C(=O)NC2C3N(C2=O)C(=C(CS3)COC(=O)N)C(=O)O,-0.8239087409443188,-0.36760416626930237,-2.435617446899414,1.8837714195251465
2277,P24735_wild,CON=C(C1=CC=CO1)C(=O)NC2C3N(C2=O)C(=C(CS3)COC(=O)N)C(=O)O,-1.3010299956639813,0.28712379932403564,-2.4364986419677734,1.7577089071273804
2278,P24735_wild,CC(=O)OCC1=C(N2C(C(C2=O)NC(=O)C(=NOC)C3=CSC(=N3)N)SC1)C(=O)O,-0.8239087409443188,0.5743916630744934,-2.0412278175354004,1.767181634902954
2279,P24735_wild,COC1(C2N(C1=O)C(=C(CS2)COC(=O)N)C(=O)O)NC(=O)CC3=CC=CS3,-0.9208187539523752,0.08359172940254211,-2.657932758331299,1.8439561128616333
2280,P37321_wild,CC1(C(N2C(S1)C(C2=O)NC(=O)CC3=CC=CC=C3)C(=O)O)C,0.8573324964312685,1.2920938730239868,-1.2244353294372559,2.205134630203247
2281,P37321_wild,CC(=O)OCC1=C(N2C(C(C2=O)NC(=O)CC3=CC=CS3)SC1)C(=O)O,1.0934216851622351,0.9445640444755554,-0.9391289949417114,1.9578877687454224
2282,P37321_wild,C1C(=C(N2C(S1)C(C2=O)NC(=O)CC3=CC=CS3)C(=O)[O-])C[N+]4=CC=CC=C4,1.1139433523068367,1.1635080575942993,-0.6875705122947693,2.0646939277648926
2283,P37321_wild,CC(=O)OCC1=C(N2C(C(C2=O)NC(=O)C(=NOC)C3=CSC(=N3)N)SC1)C(=O)O,1.6334684555795866,0.5789777040481567,-0.942348837852478,1.7596592903137207
2284,P37321_wild,CC(C)(C(=O)O)ON=C(C1=CSC(=N1)N)C(=O)NC2C3N(C2=O)C(=C(CS3)C[N+]4=CC=CC=C4)C(=O)[O-],1.845098040014257,0.10098052024841309,-0.5690721273422241,1.4424989223480225
2285,P37321_wild,CC1C(C(=O)N1S(=O)(=O)O)NC(=O)C(=NOC(C)(C)C(=O)O)C2=CSC(=N2)N,0.6334684555795865,0.39435625076293945,-0.7180595397949219,1.4841415882110596
2286,P00811_wild,C1C(=C(N2C(S1)C(C2=O)NC(=O)CCCC(C(=O)O)N)C(=O)O)CO,2.561101383649056,1.1516090631484985,-1.6103850603103638,2.5267980098724365
2287,P00811_wild,CC(=O)OCC1=C(N2C(C(C2=O)NC(=O)CCCC(C(=O)O)N)SC1)C(=O)O,2.7323937598229686,1.2937064170837402,-1.4384260177612305,2.638240337371826
2288,P00811_wild,C1C(=C(N2C(S1)C(C2=O)NC(=O)CC3=CC=CS3)C(=O)O)C=CC4=C(C=C(C=C4)[N+](=O)[O-])[N+](=O)[O-],2.8260748027008264,1.8324476480484009,-1.465833067893982,2.8852944374084473
2289,P00811_wild,CC1(C(N2C(S1)C(C2=O)NC(=O)C(C3=CC=CC=C3)C(=O)O)C(=O)O)C,-2.3565473235138126,0.3277747929096222,-2.4196853637695312,2.427011013031006
2290,P00811_wild,CC1(C(N2C(S1)C(C2=O)NC(=O)C(C3=CC=CC=C3)N)C(=O)O)C,0.47712125471966244,0.6121612787246704,-2.0566015243530273,2.400315523147583
2291,P00811_wild,CC1(C(N2C(S1)C(C2=O)NC(=O)COC3=CC=CC=C3)C(=O)O)C,1.6334684555795866,0.8747125267982483,-1.98774254322052,2.362758159637451
2292,P00811_wild,CC1(C(N2C(S1)C(C2=O)NC(=O)CC3=CC=CC=C3)C(=O)O)C,1.9344984512435677,1.0678250789642334,-2.0691943168640137,2.745638132095337
2293,E9NWK5_L209F,CC(C1C2CC(=C(N2C1=O)C(=O)O)SCCN=CN)O,-0.2596373105057561,1.9457396268844604,-1.281658411026001,2.5320887565612793
2294,E9NWK5_L209F,CC1C2C(C(=O)N2C(=C1SC3CC(NC3)C(=O)N(C)C)C(=O)O)C(C)O,-0.06550154875643228,1.626237154006958,-1.4803292751312256,2.792642831802368
2295,E9NWK5_L209F,CC1C2C(C(=O)N2C(=C1SC3CN4C=NC=[N+]4C3)C(=O)[O-])C(C)O,-0.28399665636520083,1.7040241956710815,-1.2968624830245972,2.134119987487793
2296,E9NWK5_L209F,CC1=NN=C(S1)SCC2=C(N3C(C(C3=O)NC(=O)CN4C=NN=N4)SC2)C(=O)O,-0.46852108295774486,2.0040180683135986,-1.0841258764266968,2.42797589302063
2297,E9NWK5_L209F,C1CC(=C(N2C1C(C2=O)NC(=O)C(C3=CC=CC=C3)N)C(=O)O)Cl,-0.10790539730951958,2.1976006031036377,-1.313289761543274,2.4437055587768555
2298,E9NWK5_L209F,CC1(C(N2C(S1)C(C2=O)NC(=O)CC3=CC=CC=C3)C(=O)O)C,0.0,2.521031379699707,-0.9374719262123108,2.6837522983551025
2299,E9NWK5_L209F,CC1(C(N2C(S1)C(C2=O)NC(=O)C(C3=CC=CC=C3)C(=O)O)C(=O)O)C,0.14612803567823798,2.409087657928467,-1.0160123109817505,2.7788357734680176
2300,C7C422_Q123A,C1C(=C(N2C(S1)C(C2=O)NC(=O)CC3=CC=CS3)C(=O)O)C=CC4=C(C=C(C=C4)[N+](=O)[O-])[N+](=O)[O-],1.9822712330395684,2.3570892810821533,-1.8622419834136963,3.027200937271118
2301,C7C422_Q123A,CC1(C(N2C(S1)C(C2=O)NC(=O)C(C3=CC=CC=C3)N)C(=O)O)C,2.8328281295393536,2.509486675262451,-0.6932610869407654,2.7500829696655273
2302,C7C422_wild,CC(=O)OCC1=C(N2C(C(C2=O)NC(=O)C(=NOC)C3=CSC(=N3)N)SC1)C(=O)O,1.9286006598445242,1.6682077646255493,-1.4381080865859985,2.774099349975586
2303,C7C422_Q123A,CC(=O)OCC1=C(N2C(C(C2=O)NC(=O)C(=NOC)C3=CSC(=N3)N)SC1)C(=O)O,2.104487111312395,1.6838022470474243,-1.4463413953781128,2.795531988143921
2304,C7C422_Q123A,COC1(C2N(C1=O)C(=C(CS2)COC(=O)N)C(=O)O)NC(=O)CC3=CC=CS3,2.5644293269979834,1.055029034614563,-1.498515248298645,2.621462345123291
2305,C7C422_wild,COC1(C2N(C1=O)C(=C(CS2)COC(=O)N)C(=O)O)NC(=O)CC3=CC=CS3,2.5415792439465807,1.0312930345535278,-1.4898983240127563,2.6041226387023926
2306,C7C422_Q123A,CC(C1C2CC(=C(N2C1=O)C(=O)O)SCCN=CN)O,2.8313577854420675,1.9493708610534668,-1.2817107439041138,2.5514655113220215
2307,C7C422_Q123A,CC1C2C(C(=O)N2C(=C1SC3CC(NC3)C(=O)N(C)C)C(=O)O)C(C)O,2.6870828446043706,1.6343051195144653,-1.4849952459335327,2.797914981842041
2308,C7C422_Q123A,CC(C)(C(=O)O)ON=C(C1=CSC(=N1)N)C(=O)NC2C3N(C2=O)C(=C(CS3)C[N+]4=CC=CC=C4)C(=O)[O-],2.405346360175709,1.1364458799362183,-1.0958977937698364,2.3114562034606934
2309,P23307_wild,C1=CC=C(C=C1)CC(C(=O)O)N,1.8325089127062364,0.970126211643219,-0.6942821741104126,0.9447754621505737
2310,P23307_L307V,C1=CC=C(C=C1)CC(C(=O)O)N,1.255272505103306,1.0141419172286987,-0.68928462266922,0.9872614145278931
2311,P23307_G124A,C1=CC=C(C=C1)CC(C(=O)O)N,0.6232492903979004,0.9831603169441223,-0.6928321719169617,0.9554879665374756
2312,P23307_G124A/L307V,C1=CC=C(C=C1)CC(C(=O)O)N,0.7075701760979364,1.0492985248565674,-0.6888406276702881,1.0123047828674316
2313,P23307_wild,C1=CC=C(C=C1)CC(=O)C(=O)O,2.05307844348342,1.3263455629348755,-0.4160524308681488,1.06667959690094
2314,P23307_L307V,C1=CC=C(C=C1)CC(=O)C(=O)O,1.6901960800285136,1.3589049577713013,-0.41868045926094055,1.0994831323623657
2315,P23307_G124A,C1=CC=C(C=C1)CC(=O)C(=O)O,1.4913616938342726,1.3362723588943481,-0.4200907051563263,1.0694856643676758
2316,P23307_G124A/L307V,C1=CC=C(C=C1)CC(=O)C(=O)O,1.662757831681574,1.3810834884643555,-0.4201635420322418,1.1148062944412231
2317,P23307_wild,CC(C)CC(C(=O)O)N,-0.15490195998574322,0.5682180523872375,-1.013993263244629,0.8908697962760925
2318,P23307_L307V,CC(C)CC(C(=O)O)N,-0.9208187539523752,0.6464741826057434,-1.0025626420974731,0.937654435634613
2319,P23307_G124A,CC(C)CC(C(=O)O)N,0.0,0.5989661812782288,-1.0075875520706177,0.899562656879425
2320,P23307_G124A/L307V,CC(C)CC(C(=O)O)N,0.04139268515822508,0.6924936771392822,-0.9941587448120117,0.960355281829834
2321,P23307_wild,CC(C)CC(=O)C(=O)O,1.4313637641589874,1.1473520994186401,-0.0405506007373333,0.8040705919265747
2322,P23307_L307V,CC(C)CC(=O)C(=O)O,0.8920946026904804,1.185896396636963,-0.04445449635386467,0.8458584547042847
2323,P23307_G124A,CC(C)CC(=O)C(=O)O,1.3979400086720377,1.1666700839996338,-0.045639049261808395,0.8090973496437073
2324,P23307_G124A/L307V,CC(C)CC(=O)C(=O)O,1.3802112417116061,1.2172032594680786,-0.05624048784375191,0.8626760840415955
2325,P23307_wild,CCC(C)C(C(=O)O)N,-0.8538719643217619,0.43169891834259033,-0.9321324825286865,0.6718927621841431
2326,P23307_L307V,CCC(C)C(C(=O)O)N,-0.5686362358410126,0.48392727971076965,-0.9316908121109009,0.7266690731048584
2327,P23307_G124A,CCC(C)C(C(=O)O)N,0.04139268515822508,0.452472984790802,-0.9325524568557739,0.6836967468261719
2328,P23307_G124A/L307V,CCC(C)C(C(=O)O)N,0.36172783601759284,0.5241672396659851,-0.9351673126220703,0.7525143623352051
2329,P23307_wild,CCC(C)C(=O)C(=O)O,0.8573324964312685,1.292960524559021,0.1165751963853836,0.9784249067306519
2330,P23307_L307V,CCC(C)C(=O)C(=O)O,1.0,1.3313254117965698,0.10826987028121948,1.027585744857788
2331,P23307_G124A,CCC(C)C(=O)C(=O)O,1.2041199826559248,1.311522364616394,0.10789757966995239,0.9912525415420532
2332,P23307_G124A/L307V,CCC(C)C(=O)C(=O)O,1.1139433523068367,1.3647960424423218,0.09718441963195801,1.0537197589874268
2333,P23307_wild,CCCCC(C(=O)O)N,0.505149978319906,0.308289110660553,-0.8043228983879089,0.9017641544342041
2334,P23307_L307V,CCCCC(C(=O)O)N,0.11394335230683679,0.37202951312065125,-0.810753345489502,0.9485353827476501
2335,P23307_G124A,CCCCC(C(=O)O)N,0.2041199826559248,0.3221481144428253,-0.8153589963912964,0.9050124883651733
2336,P23307_G124A/L307V,CCCCC(C(=O)O)N,0.3424226808222063,0.4069828391075134,-0.82314133644104,0.9667000770568848
2337,P23307_wild,CCCCC(=O)C(=O)O,1.7075701760979363,1.3829210996627808,-0.0854485034942627,0.8393814563751221
2338,P23307_L307V,CCCCC(=O)C(=O)O,1.2304489213782739,1.4154771566390991,-0.0869675725698471,0.8815022110939026
2339,P23307_G124A,CCCCC(=O)C(=O)O,1.806179973983887,1.399701714515686,-0.09376616775989532,0.8404780030250549
2340,P23307_G124A/L307V,CCCCC(=O)C(=O)O,1.8195439355418688,1.4398139715194702,-0.09783829748630524,0.8958163261413574
2341,P23307_wild,CSCCC(C(=O)O)N,0.07918124604762482,0.6519861817359924,-0.4400085508823395,0.8748067617416382
2342,P23307_L307V,CSCCC(C(=O)O)N,0.07918124604762482,0.714615523815155,-0.44579192996025085,0.9195509552955627
2343,P23307_G124A,CSCCC(C(=O)O)N,0.14612803567823798,0.6601366400718689,-0.4497634470462799,0.879638671875
2344,P23307_G124A/L307V,CSCCC(C(=O)O)N,0.0,0.7380557656288147,-0.45757731795310974,0.9399838447570801
2345,P23307_wild,CSCCC(=O)C(=O)O,1.4313637641589874,1.3648337125778198,0.11675944924354553,0.8668092489242554
2346,P23307_L307V,CSCCC(=O)C(=O)O,1.5314789170422551,1.398194432258606,0.10267426073551178,0.9068433046340942
2347,P23307_G124A,CSCCC(=O)C(=O)O,1.5797835966168101,1.3655550479888916,0.10098472237586975,0.8674324750900269
2348,P23307_G124A/L307V,CSCCC(=O)C(=O)O,1.7160033436347992,1.4088889360427856,0.08282095193862915,0.9233556389808655
2349,P23307_wild,CCCC(C(=O)O)N,0.14612803567823798,0.15268860757350922,-0.5517520308494568,0.6959120035171509
2350,P23307_L307V,CCCC(C(=O)O)N,-0.040958607678906384,0.21084918081760406,-0.548922061920166,0.7374974489212036
2351,P23307_G124A,CCCC(C(=O)O)N,0.17609125905568124,0.17364473640918732,-0.5618816018104553,0.7023570537567139
2352,P23307_G124A/L307V,CCCC(C(=O)O)N,0.14612803567823798,0.24650363624095917,-0.5596750378608704,0.7575334906578064
2353,P23307_wild,CCCC(=O)C(=O)[O-],1.5185139398778875,1.3096190690994263,0.3975542485713959,0.6902984380722046
2354,P23307_L307V,CCCC(=O)C(=O)[O-],1.5185139398778875,1.3350223302841187,0.39061108231544495,0.723885178565979
2355,P23307_G124A,CCCC(=O)C(=O)[O-],1.7242758696007892,1.3200675249099731,0.38872337341308594,0.690776526927948
2356,P23307_G124A/L307V,CCCC(=O)C(=O)[O-],1.7075701760979363,1.3524072170257568,0.3771146833896637,0.7363705635070801
2357,P23307_wild,CC(C)C(C(=O)O)N,-0.040958607678906384,0.4855331480503082,-0.4138062596321106,0.5860943794250488
2358,P23307_L307V,CC(C)C(C(=O)O)N,0.14612803567823798,0.5442478060722351,-0.41740167140960693,0.6284427642822266
2359,P23307_G124A,CC(C)C(C(=O)O)N,-0.01322826573375516,0.5032907724380493,-0.41328713297843933,0.5953274369239807
2360,P23307_G124A/L307V,CC(C)C(C(=O)O)N,0.2787536009528289,0.5794785618782043,-0.4167209565639496,0.6524850130081177
2361,P23307_L307V,CC(C)C(=O)C(=O)O,1.3979400086720377,1.1997281312942505,0.318479061126709,0.7309284210205078
2362,P23307_G124A,CC(C)C(=O)C(=O)O,1.7075701760979363,1.1841219663619995,0.3250207006931305,0.7003570795059204
2363,P23307_G124A/L307V,CC(C)C(=O)C(=O)O,1.7242758696007892,1.2268556356430054,0.31679776310920715,0.7474713921546936
2364,P23307_wild,C1=CC(=CC=C1CC(C(=O)O)N)O,1.8325089127062364,0.1275716871023178,-0.24581338465213776,0.8679158687591553
2365,P23307_L307V,C1=CC(=CC=C1CC(C(=O)O)N)O,1.3222192947339193,0.1708318144083023,-0.24266952276229858,0.9043123722076416
2366,P23307_wild,C1=CC(=CC=C1CC(=O)C(=O)[O-])O,1.954242509439325,0.9476506114006042,-0.5682737231254578,1.1385178565979004
2367,P23307_L307V,C1=CC(=CC=C1CC(=O)C(=O)[O-])O,1.7403626894942439,0.982975959777832,-0.5708470344543457,1.1651232242584229
2368,P23307_N145A,C1=CC=C(C=C1)CC(C(=O)O)N,1.5314789170422551,1.0015462636947632,-0.7115085124969482,0.9775254726409912
2369,P23307_N145V,C1=CC=C(C=C1)CC(C(=O)O)N,1.2304489213782739,0.9935004115104675,-0.7105385661125183,0.9821611642837524
2370,P23307_N145I,C1=CC=C(C=C1)CC(C(=O)O)N,1.1139433523068367,0.9978392124176025,-0.7087559700012207,0.985660195350647
2371,P23307_N145L,C1=CC=C(C=C1)CC(C(=O)O)N,0.9294189257142927,1.004884123802185,-0.7081171274185181,0.9903537034988403
2372,P23307_N145A,C1=CC(=CC=C1CC(C(=O)O)N)O,1.4913616938342726,0.16598136723041534,-0.2645673453807831,0.8975971341133118
2373,P23307_N145V,C1=CC(=CC=C1CC(C(=O)O)N)O,1.3617278360175928,0.16373999416828156,-0.2608335614204407,0.9070216417312622
2374,P23307_N145I,C1=CC(=CC=C1CC(C(=O)O)N)O,1.3222192947339193,0.17134974896907806,-0.2601965665817261,0.9125419855117798
2375,P23307_N145L,C1=CC(=CC=C1CC(C(=O)O)N)O,0.9731278535996987,0.17565731704235077,-0.2603989243507385,0.9142088890075684
2376,P23307_N145A,C1=CC=C(C=C1)CC(=O)C(=O)O,1.8512583487190752,1.363042950630188,-0.42877689003944397,1.0978264808654785
2377,P23307_N145V,C1=CC=C(C=C1)CC(=O)C(=O)O,1.7781512503836436,1.380355715751648,-0.42958953976631165,1.1041994094848633
2378,P23307_N145I,C1=CC=C(C=C1)CC(=O)C(=O)O,1.6334684555795866,1.3826767206192017,-0.4269660711288452,1.1111094951629639
2379,P23307_N145L,C1=CC=C(C=C1)CC(=O)C(=O)O,1.3617278360175928,1.3844202756881714,-0.4261719286441803,1.113621711730957
2380,P23307_N145A,C1=CC(=CC=C1CC(=O)C(=O)[O-])O,1.146128035678238,0.9854684472084045,-0.5827329754829407,1.1772785186767578
2381,P23307_N145V,C1=CC(=CC=C1CC(=O)C(=O)[O-])O,1.9444826721501687,0.9887831807136536,-0.5806386470794678,1.1860214471817017
2382,P23307_N145I,C1=CC(=CC=C1CC(=O)C(=O)[O-])O,1.9030899869919435,0.9936208724975586,-0.5769336223602295,1.192622423171997
2383,P23307_N145L,C1=CC(=CC=C1CC(=O)C(=O)[O-])O,1.4771212547196624,0.9938443303108215,-0.5848250389099121,1.1971064805984497
2384,P23307_N145A,CC(C)CC(C(=O)O)N,-0.00877392430750515,0.5938865542411804,-1.033199667930603,0.9220066666603088
2385,P23307_N145V,CC(C)CC(C(=O)O)N,-0.07572071393811836,0.5851728320121765,-1.0293359756469727,0.9284623861312866
2386,P23307_N145I,CC(C)CC(C(=O)O)N,0.07918124604762482,0.5914099216461182,-1.0279862880706787,0.9279417991638184
2387,P23307_N145L,CC(C)CC(C(=O)O)N,-0.3467874862246563,0.5889312624931335,-1.0371237993240356,0.9321573972702026
2388,P23307_N145A,CCC(C)C(C(=O)O)N,-0.3010299956639812,0.47051310539245605,-0.9520089626312256,0.7074579000473022
2389,P23307_N145V,CCC(C)C(C(=O)O)N,-0.8239087409443188,0.466382771730423,-0.9493435621261597,0.7173862457275391
2390,P23307_N145I,CCC(C)C(C(=O)O)N,-0.721246399047171,0.47677767276763916,-0.9461332559585571,0.7193928956985474
2391,P23307_N145L,CCC(C)C(C(=O)O)N,-0.958607314841775,0.48099374771118164,-0.9501603841781616,0.7215661406517029
2392,P23307_N145A,CCCCC(C(=O)O)N,0.5314789170422551,0.34885287284851074,-0.8228439092636108,0.9400844573974609
2393,P23307_N145V,CCCCC(C(=O)O)N,0.7481880270062004,0.34177976846694946,-0.8150796890258789,0.9516873359680176
2394,P23307_N145I,CCCCC(C(=O)O)N,0.7323937598229685,0.348053902387619,-0.8101109266281128,0.9526246786117554
2395,P23307_N145L,CCCCC(C(=O)O)N,0.5185139398778875,0.35351958870887756,-0.8118528127670288,0.958314061164856
2396,P23307_N145A,CSCCC(C(=O)O)N,0.4913616938342727,0.6884179711341858,-0.46075084805488586,0.9126006960868835
2397,P23307_N145V,CSCCC(C(=O)O)N,0.4623979978989561,0.6875343918800354,-0.45915549993515015,0.9206206798553467
2398,P23307_N145I,CSCCC(C(=O)O)N,0.4913616938342727,0.690966010093689,-0.4567330777645111,0.9214540123939514
2399,P23307_N145L,CSCCC(C(=O)O)N,0.25527250510330607,0.6930913329124451,-0.45572081208229065,0.9302626848220825
2400,P23307_N145A,CCCC(C(=O)O)N,0.25527250510330607,0.18852700293064117,-0.5705509781837463,0.732541024684906
2401,P23307_N145V,CCCC(C(=O)O)N,0.2787536009528289,0.1776319295167923,-0.5615828633308411,0.7432472705841064
2402,P23307_N145I,CCCC(C(=O)O)N,0.3010299956639812,0.1834871619939804,-0.5577067136764526,0.7463381290435791
2403,P23307_N145L,CCCC(C(=O)O)N,-0.040958607678906384,0.188919797539711,-0.5617852807044983,0.7489660382270813
2404,P23307_N145A,CC(C)C(C(=O)O)N,-0.07058107428570727,0.515079915523529,-0.4379216730594635,0.6172181367874146
2405,P23307_N145V,CC(C)C(C(=O)O)N,0.14612803567823798,0.5090087652206421,-0.4387175142765045,0.6219325661659241
2406,P23307_N145I,CC(C)C(C(=O)O)N,0.2041199826559248,0.5184333920478821,-0.43801555037498474,0.623105525970459
2407,P23307_N145L,CC(C)C(C(=O)O)N,-0.2076083105017461,0.521211564540863,-0.4415993392467499,0.628218412399292
2408,P23307_N145A,CC(C)CC(=O)C(=O)O,1.3802112417116061,1.179149866104126,-0.057796377688646317,0.8295241594314575
2409,P23307_N145V,CC(C)CC(=O)C(=O)O,1.255272505103306,1.1894327402114868,-0.061343830078840256,0.8351443409919739
2410,P23307_N145I,CC(C)CC(=O)C(=O)O,1.4471580313422192,1.1951426267623901,-0.06003674492239952,0.8377525210380554
2411,P23307_N145L,CC(C)CC(=O)C(=O)O,1.1760912590556813,1.1922237873077393,-0.0666034072637558,0.8406755924224854
2412,P23307_wild,CCC(C)C(=O)C(=O)[O-],0.8573324964312685,0.9699364900588989,0.3089471757411957,0.7839796543121338
2413,P23307_N145A,CCC(C)C(=O)C(=O)[O-],1.2787536009528289,1.0069612264633179,0.2913595736026764,0.8095725774765015
2414,P23307_N145V,CCC(C)C(=O)C(=O)[O-],0.9822712330395684,1.009929895401001,0.2857677638530731,0.8143656253814697
2415,P23307_N145I,CCC(C)C(=O)C(=O)[O-],1.2041199826559248,1.015342354774475,0.28741902112960815,0.8148509860038757
2416,P23307_N145L,CCC(C)C(=O)C(=O)[O-],1.1139433523068367,1.0178004503250122,0.2831224203109741,0.8176317811012268
2417,P23307_N145A,CCCCC(=O)C(=O)O,1.8195439355418688,1.4195019006729126,-0.10536623001098633,0.8731220364570618
2418,P23307_N145V,CCCCC(=O)C(=O)O,1.6020599913279625,1.4256309270858765,-0.10556088387966156,0.8788822889328003
2419,P23307_N145I,CCCCC(=O)C(=O)O,1.7853298350107671,1.4334750175476074,-0.10141877830028534,0.8803879022598267
2420,P23307_N145L,CCCCC(=O)C(=O)O,1.6232492903979006,1.4343088865280151,-0.10397413372993469,0.8844594955444336
2421,P23307_N145A,CSCCC(=O)C(=O)O,1.7853298350107671,1.3976807594299316,0.1002093106508255,0.9026098251342773
2422,P23307_N145V,CSCCC(=O)C(=O)O,1.5314789170422551,1.4052666425704956,0.10052773356437683,0.9127143621444702
2423,P23307_N145I,CSCCC(=O)C(=O)O,1.6720978579357175,1.4040813446044922,0.10497832298278809,0.9131039381027222
2424,P23307_N145L,CSCCC(=O)C(=O)O,1.3979400086720377,1.409281611442566,0.10126559436321259,0.9182904958724976
2425,P23307_N145A,CCCC(=O)C(=O)[O-],1.7323937598229686,1.3459744453430176,0.38131436705589294,0.7217236757278442
2426,P23307_N145V,CCCC(=O)C(=O)[O-],1.6020599913279625,1.3407858610153198,0.37266796827316284,0.7341574430465698
2427,P23307_N145I,CCCC(=O)C(=O)[O-],1.7853298350107671,1.345945954322815,0.37632253766059875,0.7397438883781433
2428,P23307_N145L,CCCC(=O)C(=O)[O-],1.6020599913279625,1.3524147272109985,0.37284672260284424,0.740024209022522
2429,P23307_N145A,CC(C)C(=O)C(=O)O,1.7323937598229686,1.1944948434829712,0.30598923563957214,0.723330020904541
2430,P23307_N145V,CC(C)C(=O)C(=O)O,1.662757831681574,1.1955434083938599,0.2869613468647003,0.730514407157898
2431,P23307_N145I,CC(C)C(=O)C(=O)O,1.7708520116421442,1.198821783065796,0.2860248386859894,0.7316343188285828
2432,P23307_N145L,CC(C)C(=O)C(=O)O,1.5563025007672873,1.2003854513168335,0.28448039293289185,0.7332106828689575
2433,Q59224_V144L,C1=CC=C(C=C1)CC(C(=O)O)N,1.5563025007672873,0.8667214512825012,-0.15473054349422455,0.9260692000389099
2434,Q59224_G123S,C1=CC=C(C=C1)CC(C(=O)O)N,0.1903316981702915,0.8884090781211853,-0.15413859486579895,0.9388666152954102
2435,Q59224_G123S,CC(C)CC(C(=O)O)N,0.1875207208364631,0.551296591758728,-0.38210058212280273,0.8864467144012451
2436,Q59224_G123S,CCC(C)C(C(=O)O)N,0.17026171539495738,0.29489871859550476,-0.2973237633705139,0.6931027770042419
2437,Q59224_G123S,CCCCC(C(=O)O)N,0.2041199826559248,0.2696143090724945,-0.30998048186302185,0.9151612520217896
2438,Q59224_G123S,CC(C)C(C(=O)O)N,0.22271647114758325,0.4667336642742157,0.14481113851070404,0.6151095628738403
2439,Q59224_G123S,CCCC(C(=O)O)N,0.1673173347481761,0.10382938385009766,-0.08337727934122086,0.7273476719856262
2440,Q59224_G123S,CSCCC(C(=O)O)N,-0.25258819211357664,0.5568005442619324,0.06246054545044899,0.8953207731246948
2441,P23307_G124S,C1=CC=C(C=C1)CC(C(=O)O)N,-0.10790539730951958,0.9761003851890564,-0.6907510161399841,0.9597645998001099
2442,P23307_G124S,C1=CC(=CC=C1CC(C(=O)O)N)O,-0.2006594505464183,0.136558398604393,-0.2390691637992859,0.8742531538009644
2443,P23307_G124S,CC(C)CC(C(=O)O)N,-0.22184874961635637,0.5869626402854919,-1.0041660070419312,0.8997287750244141
2444,P23307_G124S,CCC(C)C(C(=O)O)N,-0.16749108729376366,0.4478970170021057,-0.9282643795013428,0.6816366910934448
2445,P23307_G124S,CCCCC(C(=O)O)N,0.0,0.3160221576690674,-0.8060222864151001,0.9068982601165771
2446,P23307_G124S,CC(C)C(C(=O)O)N,-0.14874165128092473,0.4918113350868225,-0.4052644968032837,0.5943641066551208
2447,P23307_G124S,CCCC(C(=O)O)N,-0.10237290870955856,0.1657637506723404,-0.5544332265853882,0.7008389234542847
2448,P23307_G124S,CSCCC(C(=O)O)N,-0.1938200260161128,0.6573147177696228,-0.4396716058254242,0.8820949196815491
2449,D3J0Z1_wild,C1=CC(=C[N+](=C1)C2C(C(C(O2)COP(=O)([O-])OP(=O)(O)OCC3C(C(C(O3)N4C=NC5=C(N=CN=C54)N)O)O)O)O)C(=O)N,-0.42021640338318983,0.7239338755607605,-0.4950979948043823,1.3537489175796509
2450,P70994_wild,C(=CC(=O)O)C=C(C(=O)[O-])[O-],1.414973347970818,1.9596081972122192,-0.8959992527961731,1.7921444177627563
2451,P70994_wild,C1=CC(=CC=C1C=C(C(=O)O)O)O,0.6127838567197355,1.05042564868927,-1.1047037839889526,1.497378945350647
2452,P70994_wild,C=CC=C(C(=O)O)[O-],2.0492180226701815,1.3317136764526367,-0.6828346252441406,1.4952236413955688
2453,P70994_wild,C1=CC=C(C=C1)C=C(C(=O)O)O,2.0969100130080562,1.3563944101333618,-0.540302574634552,1.5965924263000488
2454,P70994_wild,C(C=CC=C(C(=O)O)O)C(=O)O,0.47712125471966244,1.5003032684326172,-0.9537352919578552,1.5757956504821777
2455,O25683_wild,C1=CC(=CC=C1[N+](=O)[O-])OP(=O)(O)OC2=CC=C(C=C2)[N+](=O)[O-],1.257278407746615,0.4959726333618164,-0.0568435899913311,1.287154197692871
2456,O25683_wild,C1C2C(C(C(O2)N3C=NC4=C(N=CN=C43)N)O)OP(=O)(O1)O,1.5246125013457585,-0.2740648686885834,-0.6745378375053406,1.5578014850616455
2457,O25683_wild,C1C2C(C(C(O2)N3C=NC4=C3N=C(NC4=O)N)O)OP(=O)(O1)O,1.2027606873932,-0.3036595582962036,-0.8423869609832764,1.3354082107543945
2458,P00636_wild,[Mg+2],1.3424226808222062,0.8345813155174255,-0.6536819934844971,1.7050479650497437
2459,P00636_wild,C(C1C(C(C(O1)(COP(=O)(O)[O-])O)O)O)OP(=O)(O)[O-],1.3424226808222062,0.6192244291305542,-2.5128591060638428,1.8495991230010986
2460,Q6RYA0_G12T/M239K,C1=CC=C(C=C1)C(C#N)O,-1.8239087409443189,0.20655599236488342,0.48102006316185,0.7417512536048889
2461,Q27796_wild,C1=NC2=C(N1)C(=O)NC=N2,1.362670929725667,0.3023498058319092,-1.788918375968933,1.8398464918136597
2462,Q27796_wild,C(C1C(C(C(O1)OP(=O)(O)OP(=O)(O)O)O)O)OP(=O)(O)O,1.5125509929042107,0.2830335795879364,-1.441293716430664,1.2853338718414307
2463,Q27796_wild,[O-]P(=O)([O-])OP(=O)([O-])[O-],-0.31875876262441283,0.06824438273906708,-1.5611368417739868,1.1945381164550781
2464,Q27796_wild,C1=NC2=C(C(=O)N1)N=CN2C3C(C(C(O3)COP(=O)(O)O)O)O,-0.31875876262441283,-0.329440712928772,-1.6872683763504028,1.3613168001174927
2465,Q8R7L0_wild,C(C1C(C(C(O1)OP(=O)(O)OP(=O)(O)O)O)O)OP(=O)(O)O,1.2013971243204515,1.1173683404922485,-1.204412817955017,2.1037356853485107
2466,Q27796_wild,C1=NC2=C(N1C3C(C(C(O3)COP(=O)(O)O)O)O)N=C(NC2=O)N,-1.0409586076789064,-0.35329902172088623,-1.5719271898269653,1.271340250968933
2467,Q27796_wild,C1=NC2=C(N1)C(=O)NC(=N2)N,1.5125509929042107,0.2494707852602005,-2.0191144943237305,2.0211427211761475
2468,P38998_wild,C(CCNC(CCC(=O)O)C(=O)O)CC(C(=O)O)N,0.04139268515822508,0.5956637263298035,0.11454272270202637,0.7541648149490356
2469,P38998_wild,C1=CC(=C[N+](=C1)C2C(C(C(O2)COP(=O)([O-])OP(=O)(O)OCC3C(C(C(O3)N4C=NC5=C(N=CN=C54)N)O)O)O)O)C(=O)N,0.04139268515822508,0.3568493127822876,-0.35159459710121155,1.0927538871765137
2470,P38998_wild,C(CC(=O)O)C(=O)C(=O)O,1.3010299956639813,0.6540502309799194,0.588604211807251,0.7069649696350098
2471,P38998_wild,C1C=CN(C=C1C(=O)N)C2C(C(C(O2)COP(=O)(O)OP(=O)(O)OCC3C(C(C(O3)N4C=NC5=C(N=CN=C54)N)O)O)O)O,1.3010299956639813,0.6526254415512085,-0.9000574946403503,1.6872477531433105
2472,P38998_wild,C(CCN)CC(C(=O)O)N,1.3010299956639813,0.055478934198617935,0.9276876449584961,0.675770103931427
2473,P05041_wild,N,-1.494850021680094,-0.09917959570884705,2.108419895172119,-0.8135298490524292
2474,P05041_K274A,N,-1.4814860601221125,-0.059487346559762955,2.1064352989196777,-0.7891556024551392
2475,P05041_wild,C=C(C(=O)O)OC1C=C(C=CC1O)C(=O)O,-1.494850021680094,-0.4036118686199188,-1.1463714838027954,1.1543879508972168
2476,P05041_K274A,C=C(C(=O)O)OC1C=C(C=CC1O)C(=O)O,-1.585026652029182,-0.3782772421836853,-1.1243408918380737,1.1784757375717163
2477,C0LA90_wild,CC1(C(C1(C)C)C(=O)OC(C#N)C2=CC(=CC=C2)OC3=CC=CC=C3)C,0.41664050733828095,0.9009346961975098,-2.720017671585083,2.2481822967529297
2478,C0LA90_wild,CC(C)C(C1=CC=C(C=C1)Cl)C(=O)OC(C#N)C2=CC(=CC=C2)OC3=CC=CC=C3,-0.040958607678906384,0.9064459800720215,-2.647641181945801,2.0854716300964355
2479,C0LA90_wild,CC(=O)OC1=CC=C(C=C1)[N+](=O)[O-],2.2624510897304293,1.8221772909164429,-1.1813753843307495,2.1697375774383545
2480,C0LA90_wild,CCCC(=O)OC1=CC=C(C=C1)[N+](=O)[O-],2.0718820073061255,1.697034239768982,-1.4404188394546509,2.49271821975708
2481,C0LA90_wild,CCCCCC(=O)OC1=CC=C(C=C1)[N+](=O)[O-],1.6901960800285136,1.3549097776412964,-1.7037571668624878,2.558098316192627
2482,O14684_wild,CCCCCC(C=CC1C2CC(C1CC=CCCCC(=O)O)OO2)OO,1.8750612633917,-0.17762117087841034,-0.6085390448570251,1.5068563222885132
2483,P39120_wild,C(C(=O)C(=O)O)C(=O)O,2.0,2.047760248184204,-1.3392295837402344,2.395589590072632
2484,P39120_wild,CC(=O)SCCNC(=O)CCNC(=O)C(C(C)(C)COP(=O)(O)OP(=O)(O)OCC1C(C(C(O1)N2C=NC3=C(N=CN=C32)N)O)OP(=O)(O)O)O,2.0,1.681299090385437,-1.4584096670150757,2.5299246311187744
2485,P09126_wild,C1=C(C(=C(N1)CC2=C(C(=C(N2)CC3=C(C(=C(N3)CC4=C(C(=C(N4)CO)CC(=O)O)CCC(=O)O)CC(=O)O)CCC(=O)O)CC(=O)O)CCC(=O)O)CC(=O)O)CCC(=O)O,2.6989700043360187,-0.01856105402112007,-1.877169132232666,1.1438101530075073
2486,Q7WUL3_wild,CC(=O)NC1C(C(C(OC1OC2=CC=C(C=C2)[N+](=O)[O-])CO)O)O,-0.744727494896694,1.3969204425811768,-0.9943655729293823,1.2464399337768555
2487,P06672_I472A,CCCC(=O)C(=O)[O-],2.342422680822206,1.098978042602539,0.6813818216323853,0.9433613419532776
2488,P06672_I476F,CCCC(=O)C(=O)[O-],1.0413926851582251,1.084771990776062,0.6711238622665405,0.9404116868972778
2489,P06672_I472A/I476F,CCCC(=O)C(=O)[O-],1.4771212547196624,1.0938390493392944,0.6814332604408264,0.9408107399940491
2490,D7GXG4_wild,C1C2C(C(O1)C(C(O2)O)O)OC3C(C(C(C(O3)CO)O)OC4C(C5C(C(O4)CO5)OC6C(C(C(C(O6)CO)O)O)O)O)O,2.3944516808262164,1.3616999387741089,-0.37769249081611633,1.315380334854126
2491,P11436_wild,C=CC(=O)N,1.8881233072979084,1.6388919353485107,0.5107427835464478,0.839429497718811
2492,P11436_wild,CC(=O)N,1.3390537357091392,1.7204028367996216,0.37780681252479553,0.8999496698379517
2493,P11436_T103I,CC(=O)N,1.4845845292828428,1.7169462442398071,0.37754976749420166,0.9060198068618774
2494,P11436_C91A,CC(=O)N,1.4919217125861508,1.7024567127227783,0.3928566575050354,0.8851627111434937
2495,P11436_T103I,C=CC(=O)N,0.22271647114758325,1.6615828275680542,0.5085274577140808,0.8516043424606323
2496,P11436_wild,CC(=O)NC1=CC=C(C=C1)[N+](=O)[O-],0.3944516808262163,1.006744623184204,-0.34505495429039,1.4532437324523926
2497,P11436_T103I,CC(=O)NC1=CC=C(C=C1)[N+](=O)[O-],1.7322328802204978,1.0045349597930908,-0.3420279622077942,1.4653819799423218
2498,Q2FWC7_wild,CC(C)(CO)C(C(=O)NCCC(=O)O)O,2.5171958979499744,0.08861197531223297,-1.5685843229293823,1.5468977689743042
2499,Q2FWC7_wild,C1=NC(=C2C(=N1)N(C=N2)C3C(C(C(O3)COP(=O)(O)OP(=O)(O)OP(=O)(O)O)O)O)N,2.45178643552429,0.3465149402618408,-0.8855254650115967,1.4390069246292114
2500,Q2FWC7_wild,CCCCCNC(=O)CCNC(=O)C(C(C)(C)CO)O,-0.8239087409443188,0.3080989122390747,-1.9266571998596191,1.8387115001678467
2501,Q2FWC7_wild,CCCCCCCNC(=O)CCNC(=O)C(C(C)(C)CO)O,-0.37161106994968846,0.18156379461288452,-1.9063645601272583,1.7509875297546387
2502,P55303_wild,OO,5.498310553789601,3.2041172981262207,1.0437957048416138,2.255805730819702
2503,P45737_wild,OO,5.57978359661681,3.782665491104126,1.3416763544082642,2.356891393661499
2504,P0A323_wild,OO,5.77451696572855,3.948803186416626,1.3010884523391724,2.484921455383301
2505,P0A327_wild,OO,5.749736315569061,3.9771456718444824,1.1978458166122437,2.667062997817993
2506,P21179_wild,OO,5.17897694729317,3.6635005474090576,1.2474015951156616,2.313305377960205
2507,P77872_wild,OO,5.434568904034199,3.8234188556671143,1.3138757944107056,2.3405213356018066
2508,P24168_wild,OO,5.330413773349191,4.347358703613281,1.3437906503677368,2.8014888763427734
2509,P42321_wild,OO,6.212187604403958,4.0425920486450195,1.4539622068405151,2.4805543422698975
2510,Q84527_wild,C(CC(C(=O)O)N)CN,1.146128035678238,0.3890872299671173,0.6526628136634827,0.265781968832016
2511,Q84527_E296D,C(CC(C(=O)O)N)CN,-1.6989700043360187,0.39101487398147583,0.6632556319236755,0.2727934718132019
2512,P0A731_D20E,C(C(=O)COP(=O)(O)O)O,-0.01818139282933642,0.6423788070678711,-0.35253193974494934,0.7336894273757935
2513,P0A731_D71N,C(C(=O)COP(=O)(O)O)O,-1.0371573187987575,0.42962366342544556,-0.1655639261007309,0.37922677397727966
2514,P0A731_D71E,C(C(=O)COP(=O)(O)O)O,-0.6055483191737837,0.6034092903137207,-0.3582949638366699,0.7126225233078003
2515,P0A731_D91E,C(C(=O)COP(=O)(O)O)O,-0.24872089601665776,0.5640992522239685,-0.3211539685726166,0.6580294966697693
2516,P0A731_D101N,C(C(=O)COP(=O)(O)O)O,-1.322393047279507,0.3468855619430542,-0.20847441256046295,0.34751513600349426
2517,P0A731_D101E,C(C(=O)COP(=O)(O)O)O,-1.1884249941294067,0.5796435475349426,-0.32685694098472595,0.629275918006897
2518,P0A731_D91N,C(C(=O)COP(=O)(O)O)O,0.2041199826559248,0.635345995426178,-0.31828072667121887,0.6829453706741333
2519,O02854_wild,C(C(COP(=O)(O)O)O)O,1.8068580295188175,0.7136297821998596,-0.06711678206920624,0.7261543273925781
2520,Q7SIB6_wild,C(C(C(=O)O)N)O,0.6989700043360189,0.5133679509162903,0.024164076894521713,0.47094446420669556
2521,Q7SIB6_wild,CC(C(C(=O)O)N)O,-0.045757490560675115,-0.10944312810897827,0.04107693210244179,0.3683607578277588
2522,Q5SKW5_E82Q,C1=NC(=C2C(=N1)N(C=N2)C3C(C(C(O3)COP(=O)(O)OP(=O)(O)OCC4C(C(C(O4)O)O)O)O)O)N,-3.027334407733889,-0.2940390706062317,-0.9246224164962769,0.7547752857208252
2523,Q5SKW5_E86Q,C1=NC(=C2C(=N1)N(C=N2)C3C(C(C(O3)COP(=O)(O)OP(=O)(O)OCC4C(C(C(O4)O)O)O)O)O)N,-2.815308569182401,-0.4946332573890686,-0.9187912940979004,0.5614339113235474
2524,Q72L99_D126N,C1=NC(=C2C(=N1)N(C=N2)C3C(C(C(O3)COP(=O)(O)OP(=O)(O)OCC4C(C(C(O4)O)O)O)O)O)N,-0.15490195998574322,0.1755182296037674,-0.9820298552513123,1.0969003438949585
2525,Q72L99_E127Q,C1=NC(=C2C(=N1)N(C=N2)C3C(C(C(O3)COP(=O)(O)OP(=O)(O)OCC4C(C(C(O4)O)O)O)O)O)N,0.6127838567197355,0.1800101399421692,-1.0745896100997925,1.158521294593811
2526,Q72L99_D128N,C1=NC(=C2C(=N1)N(C=N2)C3C(C(C(O3)COP(=O)(O)OP(=O)(O)OCC4C(C(C(O4)O)O)O)O)O)N,0.3424226808222063,0.2558329701423645,-0.9998041391372681,1.1674973964691162
2527,Q72L99_E129Q,C1=NC(=C2C(=N1)N(C=N2)C3C(C(C(O3)COP(=O)(O)OP(=O)(O)OCC4C(C(C(O4)O)O)O)O)O)N,-0.15490195998574322,0.011720288544893265,-1.0203564167022705,1.026008129119873
2528,Q5SKW5_R18Q,C1=NC(=C2C(=N1)N(C=N2)C3C(C(C(O3)COP(=O)(O)OP(=O)(O)OCC4C(C(C(O4)O)O)O)O)O)N,1.2317243833285165,0.23935019969940186,-1.0167557001113892,1.179322361946106
2529,Q5SKW5_I19A,C1=NC(=C2C(=N1)N(C=N2)C3C(C(C(O3)COP(=O)(O)OP(=O)(O)OCC4C(C(C(O4)O)O)O)O)O)N,0.7543483357110189,0.18076272308826447,-1.002359390258789,1.1504104137420654
2530,Q5SKW5_R27Q,C1=NC(=C2C(=N1)N(C=N2)C3C(C(C(O3)COP(=O)(O)OP(=O)(O)OCC4C(C(C(O4)O)O)O)O)O)N,1.110589710299249,0.2508498430252075,-1.005169153213501,1.1754266023635864
2531,Q5SKW5_Y28Q,C1=NC(=C2C(=N1)N(C=N2)C3C(C(C(O3)COP(=O)(O)OP(=O)(O)OCC4C(C(C(O4)O)O)O)O)O)N,1.0017337128090005,0.20709121227264404,-1.0478745698928833,1.1124958992004395
2532,Q5SKW5_H33A,C1=NC(=C2C(=N1)N(C=N2)C3C(C(C(O3)COP(=O)(O)OP(=O)(O)OCC4C(C(C(O4)O)O)O)O)O)N,0.6190933306267428,0.13018669188022614,-0.946045994758606,1.145706295967102
2533,Q5SKW5_Q52A,C1=NC(=C2C(=N1)N(C=N2)C3C(C(C(O3)COP(=O)(O)OP(=O)(O)OCC4C(C(C(O4)O)O)O)O)O)N,0.8286598965353198,0.06655314564704895,-0.9670878648757935,1.0366243124008179
2534,Q5SKW5_R54Q,C1=NC(=C2C(=N1)N(C=N2)C3C(C(C(O3)COP(=O)(O)OP(=O)(O)OCC4C(C(C(O4)O)O)O)O)O)N,-1.386158178123931,0.07891416549682617,-0.9561812877655029,1.0483895540237427
2535,Q5SKW5_E63Q,C1=NC(=C2C(=N1)N(C=N2)C3C(C(C(O3)COP(=O)(O)OP(=O)(O)OCC4C(C(C(O4)O)O)O)O)O)N,-0.6382721639824072,0.12246786057949066,-0.9822629690170288,1.0846973657608032
2536,Q5SKW5_L68A,C1=NC(=C2C(=N1)N(C=N2)C3C(C(C(O3)COP(=O)(O)OP(=O)(O)OCC4C(C(C(O4)O)O)O)O)O)N,0.7730546933642626,0.2047741711139679,-0.9874085783958435,1.1043360233306885
2537,Q5SKW5_S102A,C1=NC(=C2C(=N1)N(C=N2)C3C(C(C(O3)COP(=O)(O)OP(=O)(O)OCC4C(C(C(O4)O)O)O)O)O)N,0.38560627359831223,0.1652073711156845,-0.9915080070495605,1.1057207584381104
2538,Q5SKW5_E108Q,C1=NC(=C2C(=N1)N(C=N2)C3C(C(C(O3)COP(=O)(O)OP(=O)(O)OCC4C(C(C(O4)O)O)O)O)O)N,0.4727564493172124,0.14319846034049988,-0.9607031345367432,1.1383347511291504
2539,Q5SKW5_Y99F,C1=NC(=C2C(=N1)N(C=N2)C3C(C(C(O3)COP(=O)(O)OP(=O)(O)OCC4C(C(C(O4)O)O)O)O)O)N,0.5211380837040362,0.1814056932926178,-1.0004262924194336,1.1382005214691162
2540,Q5SKW5_T110A,C1=NC(=C2C(=N1)N(C=N2)C3C(C(C(O3)COP(=O)(O)OP(=O)(O)OCC4C(C(C(O4)O)O)O)O)O)N,0.42324587393680785,0.18417830765247345,-0.9899070262908936,1.1138389110565186
2541,Q5SKW5_S153A,C1=NC(=C2C(=N1)N(C=N2)C3C(C(C(O3)COP(=O)(O)OP(=O)(O)OCC4C(C(C(O4)O)O)O)O)O)N,0.5185139398778875,0.18647174537181854,-1.023423433303833,1.1155650615692139
2542,Q5SKW5_T155A,C1=NC(=C2C(=N1)N(C=N2)C3C(C(C(O3)COP(=O)(O)OP(=O)(O)OCC4C(C(C(O4)O)O)O)O)O)N,0.38381536598043126,0.1977505087852478,-0.9811751842498779,1.1415249109268188
2543,Q5SKW5_E70Q,C1=NC(=C2C(=N1)N(C=N2)C3C(C(C(O3)COP(=O)(O)OP(=O)(O)OCC4C(C(C(O4)O)O)O)O)O)N,-0.38721614328026455,0.177463099360466,-1.0695449113845825,1.1308437585830688
2544,Q5SKW5_E73Q,C1=NC(=C2C(=N1)N(C=N2)C3C(C(C(O3)COP(=O)(O)OP(=O)(O)OCC4C(C(C(O4)O)O)O)O)O)N,0.3159703454569177,0.14520761370658875,-1.073574185371399,1.1305567026138306
2545,Q5SKW5_R81Q,C1=NC(=C2C(=N1)N(C=N2)C3C(C(C(O3)COP(=O)(O)OP(=O)(O)OCC4C(C(C(O4)O)O)O)O)O)N,-1.4559319556497243,0.07640676200389862,-1.0265228748321533,1.0764342546463013
2546,Q5SKW5_E85Q,C1=NC(=C2C(=N1)N(C=N2)C3C(C(C(O3)COP(=O)(O)OP(=O)(O)OCC4C(C(C(O4)O)O)O)O)O)N,0.04921802267018165,-0.03792572394013405,-0.9880355000495911,0.9573206901550293
2547,Q5SKW5_wild,C1=NC(=C2C(=N1)N(C=N2)C3C(C(C(O3)COP(=O)(O)OP(=O)(O)OC4C(C(C(C(O4)CO)O)O)O)O)O)N,0.9590413923210936,0.1485738903284073,-0.8762686252593994,1.0859007835388184
2548,Q8N5Z0_wild,C(CC(C(=O)O)N)CC(=O)O,0.4756711883244297,1.0818089246749878,0.2885596454143524,0.36219820380210876
2549,Q8N5Z0_wild,CSCCC(C(=O)O)N,0.5365584425715301,0.92520672082901,0.5823201537132263,0.8478991985321045
2550,Q8N5Z0_wild,C(CC(=O)N)C(C(=O)O)N,0.20185221215181715,1.1667509078979492,0.8059909343719482,0.24683888256549835
2551,Q72LL6_wild,C(CC(=O)O)C(=O)C(=O)O,0.8260748027008264,0.8419975638389587,0.031150098890066147,0.35339677333831787
2552,Q72LL6_wild,CC(C)CC(=O)C(=O)O,1.2041199826559248,0.701987087726593,-0.2285253405570984,0.5106438398361206
2553,Q72LL6_S20E,C(CC(=O)O)C(=O)C(=O)O,-1.3979400086720375,0.6969190239906311,0.09592348337173462,0.22450321912765503
2554,Q72LL6_S20E,CC(C)CC(=O)C(=O)O,0.07918124604762482,0.5458996891975403,-0.13880112767219543,0.3837941884994507
2555,Q72LL6_R23A,C(CC(=O)O)C(=O)C(=O)O,-1.958607314841775,0.7385276556015015,0.09144975244998932,0.26040536165237427
2556,Q72LL6_R23A,CC(C)CC(=O)C(=O)O,-0.6382721639824072,0.5683186054229736,-0.13650591671466827,0.41778838634490967
2557,Q72LL6_R23Q,C(CC(=O)O)C(=O)C(=O)O,-1.080921907623926,0.7530802488327026,0.06983140110969543,0.27516525983810425
2558,Q72LL6_R23Q,CC(C)CC(=O)C(=O)O,-0.3010299956639812,0.5854358077049255,-0.15262000262737274,0.43135708570480347
2559,Q72LL6_wild,C(C(C(=O)O)N)C(=O)O,-1.337242168318426,0.9039127826690674,0.721279501914978,0.17875948548316956
2560,P00794_wild,CC(C)CC(C(=NC(CCC(=N)O)C(=NC(CC(=O)O)C(=NC(CCCCN)C(=O)O)O)O)O)N=C(C(CCC(=O)O)N=C(C(CC(=O)O)N=C(C(CCC(=O)O)N=C(C(C(C)O)N=C(C(CCC(=N)O)N=C(C(CCC(=N)O)N=C(C(CCC(=N)O)N=C(C(CCC(=O)O)N=C(C(CCC(=O)O)N=C(C(COP(=O)(O)O)N=C(C(CCC(=N)O)N=C(C(CC1=CC=CC=C1)N)O)O)O)O)O)O)O)O)O)O)O)O,-0.08460016478773018,0.8755452036857605,-1.703490972518921,1.92513108253479
2561,P56068_wild,C(CC(=O)O)C(C(=O)O)N,0.021189299069938092,0.3881984055042267,-0.20551127195358276,1.0700490474700928
2562,P56068_A75T,C(CC(=O)O)C(C(=O)O)N,0.25123244612501977,0.36936715245246887,-0.19442588090896606,1.0576084852218628
2563,P56068_E151K,C(CC(=O)O)C(C(=O)O)N,0.3553877218534048,0.3151889443397522,-0.2415875345468521,1.02907395362854
2564,Q65GU6_wild,CCCCCCCCCCCC(=O)[O-],1.4430020193722024,0.14338012039661407,-1.3063324689865112,1.6090669631958008
2565,Q65GU6_wild,CCCCCCCCCCCCCC(=O)O,1.7768222321510156,0.289747953414917,-1.0747147798538208,1.7400381565093994
2566,Q65GU6_wild,CCC(C)CCCCCCCCCCC(=O)O,1.1419721803047798,0.49909666180610657,-1.2146508693695068,1.8146331310272217
2567,Q65GU6_wild,CC(C)CCCCCCCCCCCC(=O)O,1.3235958922801985,0.6005827188491821,-1.1345957517623901,1.9347014427185059
2568,Q65GU6_wild,CCCCCCCCCCCCCCCC(=O)O,1.409087369447835,-0.14566956460475922,-1.0032910108566284,1.5859301090240479
2569,Q65GU6_wild,CCCCCCC=CCCCCCCCC(=O)O,1.3582522611973076,0.38345155119895935,-1.2284938097000122,1.7422399520874023
2570,Q65GU6_wild,CCCCCCCCCCCCCCCCCC(=O)[O-],1.2090678900713177,-0.17184226214885712,-1.203221321105957,1.6682653427124023
2571,Q65GU6_wild,CCCCCC=CCC=CCCCCCCCC(=O)O,1.4673613680788578,0.3659173250198364,-1.242956519126892,1.926180362701416
2572,O08394_wild,CCCCCCCCCCCCCC(=O)O,-0.16536741484900533,0.15366239845752716,-0.8287805318832397,1.5312378406524658
2573,O08394_wild,CCCCCCCCCCCCCCCCCC(=O)[O-],0.8553172253956858,-0.222554549574852,-0.9970767498016357,1.4947452545166016
2574,O08394_wild,CC(C)CCCC(C)CCCC(C)CCCC(C)CC(=O)O,1.9566485792052033,0.5861046314239502,-0.9241631627082825,1.9951701164245605
2575,O08394_wild,[C-]#N.[C-]#N.[C-]#N.[C-]#N.[C-]#N.[C-]#N.[Fe+3],2.8033432691395235,1.4830454587936401,-0.8479750156402588,1.808100938796997
2576,O08394_wild,C1C=CN(C=C1C(=O)N)C2C(C(C(O2)COP(=O)(O)OP(=O)(O)OCC3C(C(C(O3)N4C=NC5=C(N=CN=C54)N)OP(=O)(O)O)O)O)O,2.284806658838314,0.9850262403488159,-1.0680266618728638,1.8855750560760498
2577,O08394_wild,C1C=CN(C=C1C(=O)N)C2C(C(C(O2)COP(=O)(O)OP(=O)(O)OCC3C(C(C(O3)N4C=NC5=C(N=CN=C54)N)O)O)O)O,1.4890204310686128,0.8516759276390076,-0.6399378776550293,1.5951837301254272
2578,O08336_wild,CCCCCCCCCCCC(=O)[O-],0.23888200539695909,-0.10148493945598602,-1.2220652103424072,1.4910988807678223
2579,O08336_wild,CCCCCCCCCCCCCC(=O)O,0.9669235568205172,0.054952990263700485,-0.9545636177062988,1.630563735961914
2580,O08336_wild,CCCCCCCCCCCCCCCC(=O)O,1.051795574047465,-0.361510306596756,-0.8818445205688477,1.4627854824066162
2581,O08336_wild,CCCCCCCCCCCCCCCCCC(=O)[O-],0.794720328592532,-0.46593767404556274,-1.1506341695785522,1.548964262008667
2582,O08336_wild,CC(C)CCCC(C)CCCC(C)CCCC(C)CC(=O)O,1.1216691426493628,0.44710832834243774,-1.0602799654006958,2.0440521240234375
2583,O08336_wild,CCCCCC=CCC=CCC=CCC=CCCCC(=O)O,1.4497355056258237,0.028872933238744736,-1.2325223684310913,1.647577166557312
2584,O08336_wild,[C-]#N.[C-]#N.[C-]#N.[C-]#N.[C-]#N.[C-]#N.[Fe+3],2.7906369619317033,1.3894864320755005,-0.8869842290878296,1.791191816329956
2585,O08336_wild,C1C=CN(C=C1C(=O)N)C2C(C(C(O2)COP(=O)(O)OP(=O)(O)OCC3C(C(C(O3)N4C=NC5=C(N=CN=C54)N)OP(=O)(O)O)O)O)O,1.7696234303982585,0.738543689250946,-1.1265873908996582,2.015800952911377
2586,O08336_wild,C1C=CN(C=C1C(=O)N)C2C(C(C(O2)COP(=O)(O)OP(=O)(O)OCC3C(C(C(O3)N4C=NC5=C(N=CN=C54)N)O)O)O)O,0.20139712432045148,0.6177167296409607,-0.6834390759468079,1.7280826568603516
2587,Q81BF4_wild,CCCCCCCCCCCCCCCC(=O)O,0.9927007465366535,-0.2901186943054199,-0.8617007732391357,1.3816859722137451
2588,O24766_wild,C(=CC(=O)[O-])C(=O)[O-],1.5642714699198774,1.58549964427948,-0.9713541269302368,1.1723870038986206
2589,P0A725_wild,CCCCCCCCCCCC(CC(=O)OC1C(C(OC(C1O)CO)OP(=O)([O-])OP(=O)([O-])OCC2C(C(C(O2)N3C=CC(=O)NC3=O)O)O)NC(=O)C)O,0.5185139398778875,-0.4920516610145569,-1.901490330696106,1.6795532703399658
2590,Q8VUS5_wild,CC(=O)NC(CCCN)C(=O)O,1.44870631990508,0.9070391654968262,0.37124526500701904,1.298336148262024
2591,P45975_wild,C[S+](CCC(C(=O)[O-])N)CC1C(C(C(O1)N2C=NC3=C(N=CN=C32)N)O)O,-0.958607314841775,-0.9103674292564392,-1.7011104822158813,1.1625494956970215
2592,Q7M0L6_wild,CCCCCCCCCCCC(=O)OC1=CC=C(C=C1)[N+](=O)[O-],2.5314789170422554,1.5698238611221313,-3.1844382286071777,3.699141025543213
2593,Q9HZY8_wild,CCCC(=O)OC1=CC=C(C=C1)[N+](=O)[O-],1.0791812460476249,1.6775741577148438,-0.42787879705429077,2.0906386375427246
2594,Q9SPB1_wild,CC1=C(C2=CC3=NC(=CC4=C(C(=C([N-]4)C=C5C(=C(C(=N5)C=C1[N-]2)C=C)C)C=C)C)C(=C3CCC(=O)C)C)CCC(=O)C.[Fe+5],0.4913616938342727,0.7590339779853821,-1.944254755973816,2.030561685562134
2595,Q56319_wild,C1=CC=C(C(=C1)C(=O)O)NCC(=O)C(C(COP(=O)(O)O)O)O,1.187520720836463,-0.025333840399980545,-3.256056785583496,1.4366320371627808
2596,Q56319_D184A,C1=CC=C(C(=C1)C(=O)O)NCC(=O)C(C(COP(=O)(O)O)O)O,0.17609125905568124,-0.02091245725750923,-3.2701776027679443,1.4392743110656738
2597,Q56319_R241A,C1=CC=C(C(=C1)C(=O)O)NCC(=O)C(C(COP(=O)(O)O)O)O,0.3979400086720376,0.030309002846479416,-3.2140462398529053,1.4417614936828613
2598,E5BBQ3_wild,C1=CC(=CC=C1C(=O)O)C(=O)OCCO,-0.5086383061657274,0.8128389716148376,0.5561745166778564,-0.00020742416381835938
2599,E5BBQ3_wild,C1=CC(=CC=C1C(=O)OCCO)C(=O)OCCO,1.4274861090957855,0.7214757800102234,1.0089151859283447,-0.030883073806762695
2600,Q874I4_wild,CCCCCCCCCCC1=C(C(=O)C(=C(C1=O)OC)OC)C,0.3222192947339193,-0.2009052187204361,-1.3351420164108276,1.0564994812011719
2601,Q874I4_wild,C1=CC(=O)C=CC1=NC2=CC(=C(C(=C2)Cl)O)Cl,0.3222192947339193,0.009900268167257309,-1.2407819032669067,1.3383733034133911
2602,Q5E9W3_wild,C1C(NC(=O)NC1=O)C(=O)O,1.7024305364455252,0.2069653421640396,-1.4884988069534302,1.9905314445495605
2603,Q5E9W3_wild,CC1=C(C(=O)C(=C(C1=O)OC)OC)CC=C(C)CCC=C(C)CCC=C(C)CCC=C(C)CCC=C(C)CCC=C(C)CCC=C(C)CCC=C(C)CCC=C(C)CCC=C(C)C,1.7024305364455252,0.25093594193458557,-1.7411946058273315,2.1703200340270996
2604,Q5E9W3_wild,CC1=CC(=O)C2=CC=CC=C2C1=O,1.2624510897304295,-0.0011142902076244354,-1.8259670734405518,2.2650234699249268
2605,Q6V3W9_wild,C1C(NC(=O)NC1=O)C(=O)O,0.3979400086720376,0.4514138996601105,-0.683931827545166,1.4758329391479492
2606,P32747_wild,C1C(NC(=O)NC1=O)C(=O)O,0.0,0.34724268317222595,-0.7023010849952698,1.6005995273590088
2607,Q6V3W9_wild,CCCCCCCCCCC1=C(C(=O)C(=C(C1=O)OC)OC)C,-0.46852108295774486,0.1838446706533432,-1.2201085090637207,1.2497800588607788
2608,P32747_wild,CCCCCCCCCCC1=C(C(=O)C(=C(C1=O)OC)OC)C,0.23044892137827394,-0.08042757213115692,-1.315415859222412,1.375150442123413
2609,Q4WCU5_wild,CC(=O)SCCNC(=O)CCNC(=O)C(C(C)(C)COP(=O)(O)OP(=O)(O)OCC1C(C(C(O1)N2C=NC3=C(N=CN=C32)N)O)OP(=O)(O)O)O,1.5797835966168101,0.21830393373966217,-1.0635762214660645,1.31648588180542
2610,Q4WCU5_wild,C(C1C(C(C(C(O1)O)N)O)O)OP(=O)(O)O,1.5797835966168101,0.399752140045166,-0.7820640206336975,0.8703962564468384
2611,Q4WCU5_V125R,CC(=O)SCCNC(=O)CCNC(=O)C(C(C)(C)COP(=O)(O)OP(=O)(O)OCC1C(C(C(O1)N2C=NC3=C(N=CN=C32)N)O)OP(=O)(O)O)O,-0.9208187539523752,0.29849714040756226,-1.074752688407898,1.3722307682037354
2612,Q4WCU5_V125R,C(C1C(C(C(C(O1)O)N)O)O)OP(=O)(O)O,-0.9208187539523752,0.4668738842010498,-0.8022878170013428,0.9020799398422241
2613,Q4WCU5_G183E,CC(=O)SCCNC(=O)CCNC(=O)C(C(C)(C)COP(=O)(O)OP(=O)(O)OCC1C(C(C(O1)N2C=NC3=C(N=CN=C32)N)O)OP(=O)(O)O)O,-0.46852108295774486,0.18686380982398987,-1.058162808418274,1.2666250467300415
2614,Q4WCU5_G183E,C(C1C(C(C(C(O1)O)N)O)O)OP(=O)(O)O,-0.46852108295774486,0.3650023937225342,-0.7729284763336182,0.826046884059906
2615,Q4WCU5_E185Y,CC(=O)SCCNC(=O)CCNC(=O)C(C(C)(C)COP(=O)(O)OP(=O)(O)OCC1C(C(C(O1)N2C=NC3=C(N=CN=C32)N)O)OP(=O)(O)O)O,0.11394335230683679,0.20326240360736847,-1.0960248708724976,1.334640383720398
2616,Q4WCU5_E185Y,C(C1C(C(C(C(O1)O)N)O)O)OP(=O)(O)O,0.11394335230683679,0.40233302116394043,-0.7981463670730591,0.8811385631561279
2617,Q4WCU5_Y189R,CC(=O)SCCNC(=O)CCNC(=O)C(C(C)(C)COP(=O)(O)OP(=O)(O)OCC1C(C(C(O1)N2C=NC3=C(N=CN=C32)N)O)OP(=O)(O)O)O,0.23044892137827394,0.22993697226047516,-1.0665580034255981,1.3421616554260254
2618,Q4WCU5_Y189R,C(C1C(C(C(C(O1)O)N)O)O)OP(=O)(O)O,0.23044892137827394,0.4097268581390381,-0.7977050542831421,0.8895789384841919
2619,P20906_A460I,CCCC(=O)C(=O)[O-],1.6085260335771943,0.8889214992523193,0.4253353774547577,0.8579899072647095
2620,P20906_wild,CC(=O)C(=O)[O-],-1.0,0.7034456133842468,0.6486271619796753,0.45977410674095154
2621,P20906_A460I,CC(=O)C(=O)[O-],0.7481880270062004,0.6994914412498474,0.6427830457687378,0.46072420477867126
2622,P33247_wild,CC(=CCCC(=CCCC(=CCCC=C(C)CCC=C(C)CCC=C(C)C)C)C)C,0.01142960278546085,-0.4013798236846924,-1.2297015190124512,1.1509737968444824
2623,P33247_Q262G,CC(=CCCC(=CCCC(=CCCC=C(C)CCC=C(C)CCC=C(C)C)C)C)C,0.78592270489394,-0.5220920443534851,-1.237231731414795,1.1021465063095093
2624,P33247_Q262A,CC(=CCCC(=CCCC(=CCCC=C(C)CCC=C(C)CCC=C(C)C)C)C)C,0.5289167002776547,-0.42733317613601685,-1.2327169179916382,1.136249303817749
2625,P33247_P263G,CC(=CCCC(=CCCC(=CCCC=C(C)CCC=C(C)CCC=C(C)C)C)C)C,0.7207104661485219,-0.48058944940567017,-1.2287999391555786,1.1303839683532715
2626,P33247_P263A,CC(=CCCC(=CCCC(=CCCC=C(C)CCC=C(C)CCC=C(C)C)C)C)C,0.7144694995974361,-0.4585931897163391,-1.2295595407485962,1.132064938545227
2627,P33247_T41A,CC(=CCCC(=CCCC(=CCCC=C(C)CCC=C(C)CCC=C(C)C)C)C)C,-0.04656250131172831,-0.4334542155265808,-1.2238916158676147,1.1487925052642822
2628,P33247_E45A,CC(=CCCC(=CCCC(=CCCC=C(C)CCC=C(C)CCC=C(C)C)C)C)C,-0.24667230779465504,-0.4255594313144684,-1.2421525716781616,1.1605033874511719
2629,P33247_E93A,CC(=CCCC(=CCCC(=CCCC=C(C)CCC=C(C)CCC=C(C)C)C)C)C,-0.2784641402782481,-0.431252658367157,-1.2338703870773315,1.1560355424880981
2630,P33247_R127Q,CC(=CCCC(=CCCC(=CCCC=C(C)CCC=C(C)CCC=C(C)C)C)C)C,-0.17936072174171389,-0.403537392616272,-1.2290650606155396,1.1528615951538086
2631,P33247_W133A,CC(=CCCC(=CCCC(=CCCC=C(C)CCC=C(C)CCC=C(C)C)C)C)C,-0.08973144617988754,-0.41798460483551025,-1.2349461317062378,1.155723214149475
2632,P33247_Y267A,CC(=CCCC(=CCCC(=CCCC=C(C)CCC=C(C)CCC=C(C)C)C)C)C,-0.06973033325110416,-0.40608468651771545,-1.225235104560852,1.136753797531128
2633,P33247_F434A,CC(=CCCC(=CCCC(=CCCC=C(C)CCC=C(C)CCC=C(C)C)C)C)C,-0.1601031327416969,-0.38335856795310974,-1.2302443981170654,1.165984869003296
2634,P33247_F437A,CC(=CCCC(=CCCC(=CCCC=C(C)CCC=C(C)CCC=C(C)C)C)C)C,0.1813670312447817,-0.4480758309364319,-1.23745858669281,1.1509090662002563
2635,Q0K080_wild,C(C(C(CO)O)O)C(=O)C(=O)[O-],1.0086001717619175,0.7840732932090759,-0.07125897705554962,0.8341398239135742
2636,P16050_wild,CCCCCC=CCC=CCC=CCC=CCCCC(=O)O,0.9969492484953811,1.0703684091567993,-1.7987020015716553,1.955256700515747
2637,P16050_wild,CCCCCC=CCC=CCCCCCCCC(=O)O,1.1271047983648077,1.3638668060302734,-1.6476384401321411,2.1820149421691895
2638,Q8GIQ0_wild,CC1C(=O)C(C(C(O1)OP(=O)(O)OP(=O)(O)OCC2C(CC(O2)N3C=C(C(=O)NC3=O)C)O)O)O,1.0170333392987805,0.9364207983016968,-1.0885505676269531,1.4603588581085205
2639,P18054_wild,CCCCCC=CCC=CCC=CCC=CCCCC(=O)O,0.6197887930319512,0.9553971290588379,-1.923776388168335,1.9236708879470825
2640,P39714_wild,CC(C(C)O)O,3.113943352306837,0.7620112299919128,1.3199361562728882,0.3329882025718689
2641,P39714_wild,CC(C(=O)C)O,3.2130747366773154,0.6192206144332886,1.390506625175476,0.5394361615180969
2642,P39714_wild,CCC(CO)O,2.782950157127746,0.6338027119636536,1.6327754259109497,0.26848694682121277
2643,O60701_A222Q/S233G,C1=CN(C(=O)NC1=O)C2C(C(C(O2)COP(=O)(O)OP(=O)(O)OC3C(C(C(C(O3)CO)O)O)O)O)O,1.9867717342662448,0.5157561898231506,-0.8598842620849609,1.2627465724945068
2644,O60701_A222Q/S233G,C1=CC(=C[N+](=C1)C2C(C(C(O2)COP(=O)([O-])OP(=O)(O)OCC3C(C(C(O3)N4C=NC5=C(N=CN=C54)N)O)O)O)O)C(=O)N,1.9867717342662448,0.897101104259491,-0.9227136969566345,1.4631319046020508
2645,Q9LIA8_wild,C1=CN(C(=O)NC1=O)C2C(C(C(O2)COP(=O)(O)OP(=O)(O)OC3C(C(C(C(O3)CO)O)O)O)O)O,0.28330122870354957,0.8996852040290833,-1.0597906112670898,1.6603460311889648
2646,Q9LF33_wild,C1=CN(C(=O)NC1=O)C2C(C(C(O2)COP(=O)(O)OP(=O)(O)OC3C(C(C(C(O3)CO)O)O)O)O)O,0.4014005407815441,0.8859925270080566,-1.0279710292816162,1.6450220346450806
2647,Q9FM01_wild,C1=CN(C(=O)NC1=O)C2C(C(C(O2)COP(=O)(O)OP(=O)(O)OC3C(C(C(C(O3)CO)O)O)O)O)O,0.06818586174616162,0.8826009035110474,-1.1023250818252563,1.6844830513000488
2648,Q9FM01_wild,C1=CC(=C[N+](=C1)C2C(C(C(O2)COP(=O)([O-])OP(=O)(O)OCC3C(C(C(O3)N4C=NC5=C(N=CN=C54)N)O)O)O)O)C(=O)N,0.06818586174616162,1.2900301218032837,-1.2967666387557983,1.937361240386963
2649,Q9LF33_wild,C1=CC(=C[N+](=C1)C2C(C(C(O2)COP(=O)([O-])OP(=O)(O)OCC3C(C(C(O3)N4C=NC5=C(N=CN=C54)N)O)O)O)O)C(=O)N,0.4014005407815441,1.3077222108840942,-1.2105821371078491,1.8897290229797363
2650,Q9LIA8_wild,C1=CC(=C[N+](=C1)C2C(C(C(O2)COP(=O)([O-])OP(=O)(O)OCC3C(C(C(O3)N4C=NC5=C(N=CN=C54)N)O)O)O)O)C(=O)N,0.28330122870354957,1.2969399690628052,-1.2406429052352905,1.914298415184021
2651,P52704_T11G/K236G/E79H,C1=CC=C(C=C1)C(C#N)O,-0.8696662315049939,0.27032968401908875,0.3633309006690979,0.9641605615615845
2652,P52704_wild,CC(C)(C#N)O,1.8129133566428557,0.5171654224395752,1.5772050619125366,0.16572138667106628
2653,P52704_T11G/K236G/E79H,CC(C)(C#N)O,-1.014723241845035,0.7185776829719543,1.5278867483139038,0.20795542001724243
2654,D1MX73_wild,C1=CC(=CC=C1C=O)Br,0.8680563618230416,0.7841381430625916,0.9402297735214233,0.4620532989501953
2655,D1MX73_wild,C1=CC(=C(C=C1C=O)Cl)Cl,1.1958996524092338,0.22471818327903748,1.26528799533844,0.13687582314014435
2656,D1MX73_wild,C1=C(C=C(C=C1Cl)Cl)C=O,0.4471580313422192,0.03107414022088051,1.0551990270614624,0.4022529423236847
2657,D1MX73_wild,C1=CC(=C(C(=C1)Cl)C=O)Cl,1.3926969532596658,0.5044300556182861,0.7413543462753296,0.6524436473846436
2658,D1MX73_wild,COC1=CC(=CC(=C1)C=O)OC,1.08278537031645,0.07175514101982117,0.6811769604682922,0.262552946805954
2659,D1MX73_wild,C1=CC(=CC=C1C=O)C=O,1.2600713879850747,0.6980242729187012,0.8343415856361389,0.5634559392929077
2660,D1MX73_wild,C1=CC(=CC(=C1)C=O)C=O,1.3304137733491908,0.27959153056144714,1.4151321649551392,0.465076744556427
2661,D1MX73_wild,C1=CC=C(C=C1)C2=CC=C(C=C2)C=O,0.9609461957338314,0.16069382429122925,0.6547346115112305,0.8902027606964111
2662,D1MX73_wild,CCCCCCCCCCC=O,0.06818586174616162,0.32330262660980225,0.4977674186229706,0.5326454043388367
2663,D1MX73_wild,CCCC=CC=O,0.24054924828259971,0.01908557489514351,1.2809518575668335,0.35162386298179626
2664,D1MX73_wild,CCCCCCC=O,-0.1804560644581313,0.5891421437263489,0.7711249589920044,0.4920338988304138
2665,D1MX73_wild,CC(C)CCC(=O)C,0.4440447959180762,0.5090605020523071,1.5780540704727173,-0.10360604524612427
2666,D1MX73_wild,C1=CC=C(C=C1)C(C#N)O,1.413299764081252,0.4364761710166931,0.44821682572364807,1.0517992973327637
2667,P52704_wild,C1=CC=C(C=C1)C=O,3.536053155159205,-0.08001333475112915,1.3626378774642944,0.471637099981308
2668,P52704_wild,[C-]#N,3.3244882333076564,0.8447183966636658,1.0623031854629517,0.7380673885345459
2669,P06864_wild,C1=CC(=CC=C1[N+](=O)[O-])OC2C(C(C(C(O2)CO)O)O)O,-0.17392519729917355,1.7145370244979858,-0.37269091606140137,1.20965576171875
2670,P06864_wild,C1=CC=C(C=C1)OC2C(C(C(C(O2)CO)O)O)O,-0.38721614328026455,1.064812183380127,0.3505539298057556,0.37962886691093445
2671,P06864_wild,CC1=CC(=CC=C1)OC2C(C(C(C(O2)CO)O)O)O,-0.37675070960209955,0.9549816250801086,-0.06891971826553345,0.577338457107544
2672,P80025_wild,CC(=O)NC(CC1=CNC2=CC=CC=C21)C(=O)N,1.2787536009528289,0.9123345017433167,0.3655818998813629,1.025386095046997
2673,P20447_wild,C1=NC(=C2C(=N1)N(C=N2)C3C(C(C(O3)COP(=O)(O)OP(=O)(O)OP(=O)(O)O)O)O)N,0.45229761990115885,0.02566547319293022,-0.250765860080719,1.048296332359314
2674,P07896_wild,CCC=CCC(=O)SCCNC(=O)CCNC(=O)C(C(C)(C)COP(=O)(O)OP(=O)(O)OCC1C(C(C(O1)N2C=NC3=C(N=CN=C32)N)O)OP(=O)(O)O)O,0.25527250510330607,0.8044962882995605,-1.5696053504943848,2.1239230632781982
2675,P07896_wild,CCCCC=CCC(=O)SCCNC(=O)CCNC(=O)C(C(C)(C)COP(=O)(O)OP(=O)(O)OCC1C(C(C(O1)N2C=NC3=C(N=CN=C32)N)O)OP(=O)(O)O)O,0.38021124171160603,0.9731111526489258,-1.5870134830474854,2.1686832904815674
2676,P07896_wild,CCCCCCCCCCC=CCC(=O)SCCNC(=O)CCNC(=O)C(C(C)(C)COP(=O)(O)OP(=O)(O)OCC1C(C(C(O1)N2C=NC3=C(N=CN=C32)N)O)OP(=O)(O)O)O,0.14612803567823798,0.8559985756874084,-1.8687540292739868,2.260281801223755
2677,P07896_wild,CCC=CCC=CC(=O)SCCNC(=O)CCNC(=O)C(C(C)(C)COP(=O)(O)OP(=O)(O)OCC1C(C(C(O1)N2C=NC3=C(N=CN=C32)N)O)OP(=O)(O)O)O,1.0413926851582251,0.8111136555671692,-1.6375490427017212,2.1335253715515137
2678,P07896_wild,CCCCCCCCC=CCC=CC(=O)SCCNC(=O)CCNC(=O)C(C(C)(C)COP(=O)(O)OP(=O)(O)OCC1C(C(C(O1)N2C=NC3=C(N=CN=C32)N)O)OP(=O)(O)O)O,1.0791812460476249,0.8928897380828857,-1.9129201173782349,2.274191379547119
2679,P97767_wild,C1=CC(=CC=C1[N+](=O)[O-])OP(=O)(O)O,1.7481880270062005,-0.13771425187587738,0.04594273492693901,0.75701904296875
2680,P0A6L2_wild,C(C=O)C(C(=O)[O-])[NH3+],2.093421685162235,1.527389645576477,-0.4564928710460663,1.0859336853027344
2681,P0A6L2_Y133F,CC(=O)C(=O)[O-],-0.15490195998574322,0.7737486958503723,-0.01620805263519287,0.3903220593929291
2682,P0A6L2_Y133F,C(C=O)C(C(=O)[O-])[NH3+],-0.15490195998574322,1.0418630838394165,-0.32541024684906006,0.6922441720962524
2683,P0A6L2_T44V,CC(=O)C(=O)[O-],-0.9355420107730815,0.6621114611625671,-0.018257740885019302,0.29820021986961365
2684,P0A6L2_T44V,C(C=O)C(C(=O)[O-])[NH3+],-0.9355420107730815,0.9526346325874329,-0.3133477568626404,0.586135745048523
2685,P0A6L2_Y107F,C(C=O)C(C(=O)[O-])[NH3+],1.0334237554869496,1.426483392715454,-0.41068941354751587,0.9881347417831421
2686,P0A6L2_Y107F,CC(=O)C(=O)[O-],1.0334237554869496,1.18099844455719,-0.11889659613370895,0.6944092512130737
2687,Q9XZT6_wild,C1=CN(C(=O)N=C1N)C2C(C(C(O2)CO)O)O,1.4313637641589874,-0.09974618256092072,-1.5113662481307983,1.2191144227981567
2688,P81156_wild,C(C=O)C(C(C(CO)O)O)O,1.919078092376074,0.768925666809082,1.3988217115402222,0.6897315979003906
2689,P81156_wild,C1C(C(C(C(O1)O)O)O)O,1.8573324964312685,1.2900575399398804,1.5725880861282349,0.7300688028335571
2690,P31939_wild,C1=NC(=C(N1C2C(C(C(O2)COP(=O)(O)O)O)O)NC=O)C(=O)N,0.9344984512435677,0.8862571120262146,-1.2891656160354614,1.515368938446045
2691,P31939_K66A,C1=NC(=C(N1C2C(C(C(O2)COP(=O)(O)O)O)O)NC=O)C(=O)N,-1.207608310501746,0.7686655521392822,-1.2674202919006348,1.3516284227371216
2692,P31939_Y104A,C1=NC(=C(N1C2C(C(C(O2)COP(=O)(O)O)O)O)NC=O)C(=O)N,-0.8664610916297825,0.6644309163093567,-1.2089372873306274,1.2648483514785767
2693,P31939_Y104F,C1=NC(=C(N1C2C(C(C(O2)COP(=O)(O)O)O)O)NC=O)C(=O)N,-1.4436974992327127,0.8939916491508484,-1.2819105386734009,1.5224082469940186
2694,P31939_D125A,C1=NC(=C(N1C2C(C(C(O2)COP(=O)(O)O)O)O)NC=O)C(=O)N,-1.853871964321762,0.6460568308830261,-1.231063961982727,1.2856389284133911
2695,P31939_D125E,C1=NC(=C(N1C2C(C(C(O2)COP(=O)(O)O)O)O)NC=O)C(=O)N,-0.8326826652518239,0.6746010780334473,-1.2401946783065796,1.2818214893341064
2696,P31939_D125N,C1=NC(=C(N1C2C(C(C(O2)COP(=O)(O)O)O)O)NC=O)C(=O)N,-0.2196826878598487,0.5845938324928284,-1.2308740615844727,1.249207854270935
2697,P31939_K137A,C1=NC(=C(N1C2C(C(C(O2)COP(=O)(O)O)O)O)NC=O)C(=O)N,-0.5590909179347823,0.8284028768539429,-1.2785499095916748,1.4416462182998657
2698,P31939_K137R,C1=NC(=C(N1C2C(C(C(O2)COP(=O)(O)O)O)O)NC=O)C(=O)N,-0.294992040666664,0.854881227016449,-1.2819074392318726,1.4593359231948853
2699,Q8N5Z0_wild,C(CC(=O)O)C(C(=O)O)N,0.48902043106861287,1.1173732280731201,1.0168112516403198,0.3898114264011383
2700,Q8N5Z0_wild,C1=CC(=CC=C1CC(C(=O)O)N)O,0.34077456849452065,0.39780086278915405,0.25486770272254944,0.6386646032333374
2701,Q8N5Z0_wild,C1=CC=C2C(=C1)C(=CN2)CC(C(=O)O)N,0.6266824320398772,0.8524752855300903,0.5414447784423828,0.5458887815475464
2702,Q8N5Z0_wild,CC(C)CC(C(=O)O)N,0.6766936096248666,1.0899441242218018,0.49464765191078186,0.5439531207084656
2703,Q8N5Z0_wild,C1=CC(=C(C(=C1)O)N)C(=O)CC(C(=O)O)N,0.23087457677563478,0.8931630849838257,0.22144538164138794,0.8271502256393433
2704,Q8N5Z0_wild,C(CC(=O)O)CN,0.41830129131974547,0.8398531675338745,0.987026572227478,0.12523499131202698
2705,Q8N5Z0_wild,CC(C(=O)O)N,0.46139842042290014,1.0531859397888184,1.0869072675704956,0.33648040890693665
2706,Q8N5Z0_wild,CCCCC(=O)C(=O)O,0.6837972148377574,0.8780932426452637,0.34723493456840515,0.5913403034210205
2707,Q8N5Z0_wild,CSCCC(=O)C(=O)O,0.6304278750250238,0.6891794800758362,0.31080979108810425,0.7317473888397217
2708,Q8N5Z0_wild,C1=CC=C2C(=C1)C(=CN2)CC(=O)C(=O)O,0.1717264536532312,0.629244863986969,-0.028516095131635666,0.6531015634536743
2709,Q8N5Z0_wild,CCCC(=O)C(=O)[O-],0.42406452541748785,0.7523378729820251,0.509843647480011,0.37763920426368713
2710,Q8N5Z0_wild,C1=CC=C(C=C1)CC(C(=O)O)N,0.7365293202955703,1.1911633014678955,0.619523823261261,0.6870203018188477
2711,P00344_wild,CCC(=O)C(=O)O,2.093421685162235,1.787754774093628,0.3251286447048187,1.275934100151062
2712,P00344_wild,CCCC(=O)C(=O)[O-],1.2304489213782739,2.1246814727783203,0.22789117693901062,1.2329537868499756
2713,P00344_wild,CC(C)C(=O)C(=O)O,-0.585026652029182,1.9812010526657104,0.2631196081638336,1.0620908737182617
2714,P00344_wild,C1=CC=C(C=C1)CC(=O)C(=O)O,1.8750612633917,1.9021061658859253,-0.2092885673046112,1.4724215269088745
2715,P00344_wild,C(C(=O)C(=O)[O-])O,2.2095150145426308,1.8685742616653442,0.0855729728937149,1.3118572235107422
2716,P00344_wild,C(=O)(C(=O)[O-])C(=O)[O-],1.3222192947339193,2.204536199569702,-0.34780505299568176,1.3775907754898071
2717,P00344_wild,C(C(=O)C(=O)O)C(=O)O,0.7781512503836436,2.1496169567108154,-0.246740460395813,1.4029959440231323
2718,P00344_wild,C(CC(=O)O)C(=O)C(=O)O,0.6127838567197355,1.776304841041565,0.10866464674472809,1.0724974870681763
2719,P00344_wild,C(CC(=O)C(=O)O)CC(=O)O,0.724275869600789,1.8512543439865112,-0.15970298647880554,1.1343061923980713
2720,P00344_wild,C(C[NH3+])C(C(=O)[O-])O,-0.5228787452803376,1.2581098079681396,0.6405611038208008,0.5742975473403931
2721,P00344_wild,CC(C)CC(=O)C(=O)O,-0.4814860601221125,2.0189619064331055,0.011550772935152054,1.3390758037567139
2722,O32765_wild,CC(=O)C(=O)[O-],2.808210972924222,2.4192750453948975,0.1746283918619156,1.495779037475586
2723,P0AGB0_wild,C(C(C(=O)O)N)OP(=O)(O)O,0.15533603746506178,1.172368049621582,-0.8645386099815369,1.8474619388580322
2724,P0AGB0_wild,C(C(C(=O)O)N)O,0.15533603746506178,0.5561795830726624,0.09197235107421875,1.212316870689392
2725,Q9FLN8_wild,C1=CC=C2C(=C1)C(=CN2)CC(=O)[O-],-1.5528419686577808,-0.7762191891670227,-1.3673070669174194,0.1622832715511322
2726,Q0H0H0_wild,C1=CN(C(=O)N=C1N)C2C(C(C(O2)COP(=O)(O)O)O)(F)F,-0.721246399047171,0.10692702233791351,-1.229970097541809,0.7722848653793335
2727,P0AC33_wild,C(C(C(=O)O)O)C(=O)O,3.4913616938342726,0.5567522048950195,-0.033233124762773514,1.1936790943145752
2728,P05042_wild,C(C(C(=O)O)O)C(=O)O,2.7746629225378223,0.5398639440536499,0.20400437712669373,1.1016167402267456
2729,P05042_E315Q,C(=CC(=O)[O-])C(=O)[O-],2.029789470831856,1.7560372352600098,-0.3840794861316681,2.003741979598999
2730,P07954_wild,C(=CC(=O)[O-])C(=O)[O-],2.57978359661681,1.1775786876678467,-1.1154628992080688,1.8279259204864502
2731,P07941_wild,CC1(C(N2C(S1)C(C2=O)NC(=O)CC3=CC=CC=C3)C(=O)O)C,1.7993405494535817,1.1190098524093628,-0.7289679050445557,2.5165820121765137
2732,P06875_wild,C1=CC=C(C=C1)CC(=O)NC2=CC(=C(C=C2)[N+](=O)[O-])C(=O)O,1.209515014542631,1.2675901651382446,-1.0796329975128174,2.2244114875793457
2733,P06875_wild,COC(=O)CC1=CC=CC=C1,2.278753600952829,0.9527660012245178,-0.8256280422210693,2.030006170272827
2734,P06875_wild,CCOC(=O)CC1=CC=CC=C1,2.230448921378274,0.8174791932106018,-0.6189972162246704,1.9127779006958008
2735,P06875_wild,C1=CC=C(C=C1)CC(=O)NCC(=O)O,1.6720978579357175,1.3964096307754517,-0.5772782564163208,1.7959017753601074
2736,P06875_wild,CC1(C(NC(S1)C(C(=O)O)NC(=O)CC2=CC=CC=C2)C(=O)O)C,1.6020599913279625,1.0046879053115845,-0.5448282361030579,2.235163450241089
2737,P06875_wild,CC(=O)OCC1=C(N2C(C(C2=O)NC(=O)CC3=CC=CS3)SC1)C(=O)O,1.3979400086720377,0.9759237170219421,-0.5539441108703613,2.2420389652252197
2738,P06875_wild,C1C(=C(N2C(S1)C(C2=O)NC(=O)CC3=CC=CS3)C(=O)[O-])C[N+]4=CC=CC=C4,1.5185139398778875,0.9444189667701721,-0.6654444336891174,2.3172638416290283
2739,W0TJ64_S226P/R228S,CCCC(=O)OC1=CC=C(C=C1)[N+](=O)[O-],0.8512583487190752,0.9696819186210632,-0.09518969058990479,1.0008856058120728
2740,Q47RJ7_wild,CCCC(=O)OC1=CC=C(C=C1)[N+](=O)[O-],2.683947130751512,1.0235551595687866,0.04171888157725334,0.7628211975097656
2741,Q47RJ6_wild,CCCC(=O)OC1=CC=C(C=C1)[N+](=O)[O-],2.870403905279027,1.4500584602355957,0.030110005289316177,1.117688536643982
2742,F7IX06_wild,CC(=O)OC1=CC=C(C=C1)[N+](=O)[O-],0.31386722036915343,1.1897568702697754,0.2885456383228302,0.5483855605125427
2743,F7IX06_wild,CCCCCC(=O)OC1=CC=C(C=C1)[N+](=O)[O-],0.5158738437116791,1.0725449323654175,0.009854305535554886,0.9541342854499817
2744,F7IX06_wild,CCCCCCCC(=O)OC1=CC=C(C=C1)[N+](=O)[O-],0.3891660843645325,1.1330877542495728,-0.1250160038471222,1.0348453521728516
2745,F7IX06_wild,CCCC(=O)OC1=CC=C(C=C1)[N+](=O)[O-],0.651278013998144,1.340644121170044,-0.007991556078195572,0.9348514080047607
2746,E9LVI0_wild,CC(=O)OC1=CC=C(C=C1)[N+](=O)[O-],1.5965970956264603,1.2993645668029785,0.3004797399044037,0.7252705097198486
2747,Q8L1B1_wild,C1=NC(=C2C(=N1)N(C=N2)C3C(C(C(O3)COP(=O)(O)OP(=O)(O)OP(=O)(O)O)O)O)N,0.629684768976202,-0.2576909065246582,-0.8732391595840454,1.0078102350234985
2748,P11880_wild,CC(C(=O)NC(C)C(=O)O)N,1.255272505103306,1.3858450651168823,-0.4478229284286499,1.347503423690796
2749,P11880_wild,CC(C(=O)NC(CC1=CC=CC=C1)C(=O)O)N,-0.03778854509687349,0.8685327172279358,-0.17180566489696503,1.2283499240875244
2750,P11880_wild,CC(C(=O)OC(C)C(=O)O)N,1.1409267373431449,1.2288569211959839,-0.5161689519882202,1.3143870830535889
2751,Q5NGP7_wild,C(C(C(C(C=O)O)O)O)OP(=O)(O)O,2.14921911265538,0.7904837727546692,0.21879065036773682,1.1503556966781616
2752,O54288_wild,C(C(C(CO)O)O)C(=O)C(=O)O,1.4502491083193612,0.22599315643310547,0.6466268301010132,0.23411162197589874
2753,Q70Y21_wild,COC1=C(C=CC(=C1)C=CC(=O)OC)O,0.9845273133437926,0.7342416048049927,-0.6427837610244751,1.7552032470703125
2754,Q70Y21_wild,COC1=CC(=CC(=C1O)OC)C=CC(=O)OC,0.9666109866819343,0.6317600011825562,-0.42356181144714355,1.6692278385162354
2755,Q9S7R8_wild,COC1=C(C=CC(=C1)C=CC=O)O,0.08635983067474823,0.07968597859144211,-0.9031074643135071,1.2165277004241943
2756,Q9S7R8_wild,COC1=CC(=CC(=C1O)OC)C=CC=O,0.15533603746506178,0.27565136551856995,-0.8124475479125977,1.2750180959701538
2757,Q9LVR1_wild,COC1=C(C=CC(=C1)C=CC=O)O,0.1367205671564068,-0.22443045675754547,-0.8013637065887451,1.0604493618011475
2758,Q9LVR1_wild,COC1=CC(=CC(=C1O)OC)C=CC=O,0.03342375548694973,-0.07771933078765869,-0.7454555630683899,1.1055207252502441
2759,Q9LVR1_wild,COC1=C(C=CC(=C1)C=CCO)O,0.5010592622177514,-0.05983290448784828,-0.8713042736053467,1.1203547716140747
2760,Q9LVR1_wild,COC1=CC(=CC(=C1O)OC)C=CCO,0.6551384348113821,-0.09050066769123077,-0.6952138543128967,0.927767276763916
2761,Q8EAC7_wild,NO,3.376576957056512,1.412861943244934,1.4083268642425537,1.4375907182693481
2762,Q84527_wild,C(CC(C(=O)O)N)CN=C(N)N,1.3802112417116061,-0.0188726969063282,0.3820021152496338,0.21493320167064667
2763,Q84527_wild,C(CCN)CC(C(=O)O)N,-0.3467874862246563,-0.23435743153095245,0.8042033910751343,-0.17592230439186096
2764,Q84527_E296D,C(CC(C(=O)O)N)CN=C(N)N,-0.8538719643217619,-0.01460348442196846,0.388181209564209,0.21682108938694
2765,P47125_wild,C1=CC=C2C(=C1)C(=CN2)CC(C(=O)O)N,0.9162784581277835,-0.12692652642726898,-0.6173839569091797,0.5952622890472412
